10
24
113
173
461
543
586
685
721
854
858
924
999
1076
1087
1093
1118
1163
1176
1188
1211
1330
1347
1360
1426
1430
1433
1489
1526
1586
1608
1640
1656
1660
1677
1721
1752
1842
1856
1947
1988
2090
2113
2194
2281
2337
2353
2399
2406
2422
2436
2446
2450
2502
2512
2615
2694
2758
2761
2794
2798
2813
2822
2896
2897
2933
2938
2956
2987
3046
3076
3107
3112
3122
3131
3184
3207
3220
3245
3335
3346
3357
3370
3390
3409
3445
3479
3542
3566
3620
3654
3680
3697
3716
3733
3789
3867
3959
3973
4015
4020
4039
4042
4062
4108
4110
4130
4170
4190
4195
4219
4253
4334
4354
4381
4384
4402
4494
4495
4525
4562
4566
4568
4578
4634
4638
4673
4688
4704
4711
4744
4775
4813
4828
4931
4968
5020
5059
5064
5072
5076
5095
5101
5128
5158
5162
5188
5195
5197
5201
5218
5231
5253
5255
5280
5283
5286
5322
5323
5330
5350
5368
5373
5386
5392
5398
5408
5424
5441
5447
5450
5484
5493
5528
5547
5585
5683
5708
5717
5736
5762
5770
5773
5779
5805
5830
5833
5870
5889
5917
5937
5948
5964
5993
5999
6024
6030
6057
6067
6073
6074
6092
6099
6131
6142
6179
6203
6208
6223
6231
6248
6261
6279
6280
6281
6309
6316
6317
6325
6327
6342
6347
6360
6365
6376
6378
6395
6406
6407
6424
6441
6448
6453
6456
6467
6474
6475
6479
6481
6499
6509
6519
6520
6525
6530
6534
6535
6542
6543
6562
6563
6607
6611
6616
6623
6628
6651
6652
6664
6671
6682
6688
6701
6738
6747
6757
6766
6771
6784
6790
6797
6801
6808
6810
6815
6836
6838
6850
6867
6894
6913
6922
6923
6929
6933
6943
6957
6959
6967
6971
6977
6978
6983
6999
7015
7017
7027
7035
7039
7057
7058
7086
7095
7109
7118
7124
7157
7179
7181
7183
7201
7202
7203
7218
7220
7223
7244
7258
7262
7273
7278
7310
7324
7329
7336
7383
7425
7446
7447
7453
7455
7465
7491
7524
7563
7564
7577
7586
7606
7620
7624
7652
7666
7668
7669
7672
7675
7679
7685
7706
7707
7723
7729
7757
7767
7772
7782
7785
7792
7826
7832
7857
7860
7862
7868
7883
7884
7886
7893
7894
7900
7902
7913
7915
7919
7920
7944
7948
7956
7970
7978
7983
7986
8013
8019
8031
8039
8052
8074
8087
8120
8172
8178
8181
8183
8216
8246
8261
8265
8271
8285
8299
8303
8312
8317
8351
8379
8411
8416
8425
8441
8454
8457
8458
8473
8474
8492
8510
8532
8568
8582
8587
8598
8602
8630
8634
8640
8660
8663
8678
8680
8688
8716
8718
8754
8756
8762
8766
8769
8772
8776
8781
8784
8791
8806
8808
8814
8841
8861
8894
8907
8944
8952
8965
8978
9000
9005
9017
9026
9049
9068
9095
9103
9106
9113
9128
9132
9138
9147
9155
9191
9205
9206
9226
9251
9276
9281
9295
9301
9315
9325
9332
9335
9341
9345
9355
9360
9364
9373
9378
9396
9399
9405
9424
9425
9426
9448
9451
9472
9478
9482
9487
9495
9529
9533
9543
9559
9565
9569
9610
9621
9641
9643
9669
9677
9681
9695
9712
9730
9738
9748
9770
9818
9827
9837
9851
9927
9930
9939
9948
9962
9963
9990
10021
10032
10035
10038
10064
10069
10093
10128
10130
10167
10186
10193
10233
10243
10248
10254
10257
10262
10327
10330
10334
10341
10349
10352
10365
10366
10385
10399
10446
10466
10476
10479
10488
10509
10532
10540
10574
10581
10599
10623
10638
10643
10666
10708
10733
10739
10805
10824
10833
10844
10877
10886
10918
10926
10978
10979
11055
11099
11111
11148
11157
11165
11180
11211
11220
11232
11238
11245
11249
11251
11267
11284
11303
11349
11364
11378
11393
11425
11427
11431
11451
11459
11464
11471
11516
11540
11554
11584
11594
11606
11632
11639
11667
11696
11707
11730
11736
11745
11790
11818
11827
11841
11865
11924
11956
11974
11976
11979
11981
11983
11991
12012
12032
12071
12082
12084
12165
12170
12176
12194
12200
12245
12251
12259
12295
12334
12392
12433
12487
12509
12533
12560
12569
12576
12582
12594
12686
12714
12720
12761
12771
12822
12826
12849
12855
12861
12916
12925
12943
12967
13013
13023
13057
13060
13077
13105
13124
13139
13146
13151
13156
13171
13186
13197
13238
13253
13269
13284
13295
13306
13334
13336
13357
13425
13445
13466
13493
13514
13528
13557
13601
13637
13657
13691
13694
13704
13709
13713
13800
13813
13895
13914
13957
13982
13987
13990
13991
14034
14039
14047
14078
14117
14146
14182
14186
14187
14265
14280
14290
14371
14379
14383
14414
14433
14482
14509
14581
14583
14601
14660
14698
14722
14734
14735
14753
14766
14793
14811
14872
14888
14934
14951
14970
14991
15001
15025
15045
15058
15101
15149
15152
15167
15201
15226
15228
15259
15298
15307
15312
15330
15342
15364
15432
15453
15462
15465
15477
15488
15523
15555
15559
15575
15602
15633
15678
15681
15690
15703
15746
15759
15810
15868
15898
15900
15920
15948
16010
16027
16048
16052
16094
16127
16134
16140
16187
16199
16225
16279
16284
16323
16410
16461
16552
16666
16693
16712
16716
16828
16856
16858
16926
17002
17044
17060
17083
17114
17154
17178
17213
17223
17271
17316
17403
17407
17415
17430
17444
17458
17504
17640
17646
17698
17858
17882
17905
17906
17999
18068
18095
18115
18128
18131
18169
18225
18227
18247
18248
18338
18341
18391
18433
18498
18545
18592
18665
18856
18871
18989
18998
19004
19035
19368
19407
19507
19624
19632
19817
19847
19910
19972
20059
20148
20605
20616
20649
20723
20774
20795
20976
21007
21286
21313
21548
21666
21832
21877
21887
21907
21916
21932
22197
22295
22322
22465
22527
22703
22752
22835
23048
23050
23080
23086
23222
23308
23636
23689
23755
24008
24135
24149
24257
24365
24432
24508
24535
24588
24639
24673
24685
24905
24907
24987
25112
25221
25261
25379
25380
25449
25536
25548
25558
25680
25813
25842
25911
26070
26208
26316
26323
26467
26553
26815
27022
27030
27132
27165
27195
27229
27433
27572
27722
27762
27766
27847
27938
27943
28024
28050
28077
28205
28334
28365
28381
28473
28542
28547
28582
28699
28799
28930
28933
28951
28966
29049
29067
29074
29158
29228
29300
29470
29535
29578
29907
29924
30037
30045
30050
30082
30169
30285
30405
30633
30865
30933
31050
31051
31225
31238
31261
31511
31593
31628
31675
31798
31836
32475
32724
32927
32949
33027
33121
33225
33460
33523
33614
33745
33871
33999
34032
34242
34763
35072
35152
35214
35344
35602
36041
36213
37158
37723
37918
38154
38591
38614
39198
39206
39270
39418
39424
39500
39520
39553
39648
39780
39791
39869
40161
40329
40330
40345
40367
40416
40462
40481
40498
40501
40512
40573
40648
40706
40745
40765
40802
40813
40924
40932
41005
41075
41122
41133
41187
41210
41254
41305
41375
41406
41541
41545
41600
41665
41670
41697
41731
41750
41763
41792
41819
41833
41872
41877
41906
41928
41941
41960
41984
41989
41994
42001
42003
42054
42063
42123
42127
42166
42176
42213
42224
42243
42256
42267
42289
42327
42328
42374
42394
42412
42420
42440
42452
42472
42496
42521
42522
42527
42552
42572
42576
42581
42622
42626
42640
42648
42682
42688
42738
42769
42776
42792
42849
42874
42929
42999
43016
43080
43157
43177
43180
43195
43208
43217
43222
43241
43273
43276
43290
43294
43295
43302
43305
43313
43325
43338
43369
43374
43381
43382
43396
43434
43455
43474
43498
43509
43513
43766
43779
43907
43995
44042
44534
44597
44810
45301
45584
45727
45765
45835
45851
45870
46078
46132
46162
46285
46457
46466
46495
46526
46623
47000
47091
47288
47351
47937
48097
48315
48438
48573
48574
48577
48582
48631
48633
48727
48797
48902
48937
48940
48958
48965
48970
48999
49057
49171
49189
49213
49244
49263
49286
49298
49323
49349
49361
49779
49802
49927
49949
49977
50297
50306
50332
50401
50589
50777
50826
50870
50888
50953
51013
51080
51083
51103
51150
51237
51293
51294
51297
51313
51361
51430
51435
51537
51541
51687
51711
51715
51725
51731
51762
51796
51815
51829
51833
51843
51924
51963
51991
51993
52034
52054
52063
52110
52122
52140
52155
52171
52198
52202
52210
52248
52303
52308
52320
52354
52359
52377
52393
52408
52411
52423
52446
52484
52495
52574
52577
52614
52631
52672
52698
52748
52842
52860
52897
52944
52995
53025
53033
53038
53072
53092
53114
53122
53158
53187
53193
53227
53228
53249
53280
53318
53358
53432
53526
53557
53565
53599
53635
53817
53892
54009
54088
54112
54131
54156
54170
54182
54211
54228
54238
54239
54241
54266
54277
54286
54287
54294
54300
54309
54318
54323
54324
54335
54339
54341
54348
54350
54359
54361
54368
54369
54373
54380
54396
54405
54411
54412
54446
54454
54458
54460
54462
54463
54464
54469
54480
54483
54490
54491
54515
54518
54519
54531
54534
54545
54546
54558
54561
54568
54595
54597
54607
54608
54617
54638
54644
54651
54657
54663
54672
54720
54744
54786
54788
54801
54820
54821
54826
54831
54837
54862
54866
54878
54882
54889
54891
54920
54921
54973
54984
54990
54996
54997
55006
55008
55016
55040
55046
55050
55068
55072
55073
55094
55118
55121
55131
55133
55155
55177
55189
55222
55231
55248
55266
55271
55274
55276
55278
55302
55310
55318
55320
55327
55329
55347
55377
55390
55392
55402
55414
55417
55420
55427
55428
55453
55493
55496
55509
55518
55530
55540
55586
55587
55589
55610
55615
55654
55658
55667
55681
55694
55704
55709
55718
55736
55806
55849
55892
55896
55911
55935
55962
55963
56061
56074
56077
56106
56130
56139
56151
56190
56194
56251
56253
56272
56308
56314
56329
56330
56342
56344
56355
56368
56370
56375
56379
56483
56545
56591
56594
56600
56624
56632
56647
56651
56665
56688
56700
56709
56722
56747
56753
56768
56772
56799
56801
56805
56818
56819
56823
56825
56837
56848
56870
56882
56889
56901
56909
56937
56957
56985
57004
57005
57010
57021
57058
57087
57111
57202
57208
57231
57240
57246
57248
57283
57286
57325
57329
57361
57383
57387
57419
57441
57476
57482
57510
57513
57522
57540
57561
57564
57585
57614
57617
57626
57630
57633
57634
57636
57639
57643
57647
57661
57695
57703
57714
57717
57718
57733
57737
57748
57754
57759
57767
57769
57805
57826
57837
57865
57879
57892
57908
57916
57918
57950
57956
57990
58026
58043
58047
58049
58113
58133
58147
58282
58289
58294
58319
58403
58527
58547
58639
58698
58743
59234
59326
59338
59632
59784
59878
59922
59936
60140
60164
60364
60447
60636
60708
60892
60948
61195
61239
61305
61573
61577
61652
61664
61678
61689
61699
61701
61703
61704
61705
61707
61712
61713
61725
61727
61728
61739
61742
61753
61756
61760
61767
61773
61778
61780
61783
61784
61786
61790
61792
61793
61805
61807
61818
61828
61832
61833
61842
61843
61864
61871
61887
61889
61895
61902
61931
61942
61948
61960
61962
61967
61972
61975
61983
61989
61990
61995
61996
62000
62002
62016
62018
62022
62023
62027
62036
62038
62049
62051
62066
62067
62068
62071
62076
62077
62084
62086
62088
62091
62092
62093
62094
62095
62096
62098
62100
62102
62104
62108
62113
62114
62115
62117
62118
62121
62124
62134
62138
62141
62144
62150
62152
62154
62155
62160
62164
62171
62173
62178
62182
62185
62188
62197
62198
62199
62216
62225
62228
62233
62238
62239
62241
62244
62246
62249
62254
62260
62272
62277
62279
62284
62289
62301
62307
62318
62339
62355
62378
62379
62384
62391
62397
62400
62402
62411
62437
62438
62441
62468
62474
62495
62514
62522
62529
62530
62535
62538
62540
62545
62551
62552
62555
62561
62638
62651
62684
62739
62763
62766
62772
62778
62792
62848
62852
62874
62918
62959
63018
63121
63126
63219
63255
63328
63333
63335
63338
63420
63459
63516
63555
63584
63619
63627
63640
63666
63683
63700
63734
63774
63777
63828
63829
63849
63897
63933
63956
63962
64035
64038
64050
64069
64080
64099
64124
64130
64156
64208
64211
64268
64286
64336
64355
64359
64362
64443
64457
64481
64494
64500
64509
64516
64530
64535
64539
64546
64577
64607
64620
64623
64626
64630
64646
64656
64670
64673
64680
64689
64692
64710
64718
64727
64741
64742
64761
64770
64776
64808
64809
64823
64842
64859
64897
64903
64906
64919
64956
64969
64989
64997
65000
65004
65009
65013
65030
65034
65039
65041
65048
65063
65075
65083
65098
65110
65112
65127
65133
65153
65167
65181
65210
65211
65218
65244
65272
65274
65303
65313
65320
65409
65453
65499
65770
65775
65989
66302
66419
66463
66464
66500
66521
66623
66786
66853
66908
66947
67071
67139
67165
67272
67302
67530
67596
67604
67613
67885
68046
68175
68187
68191
68243
68251
68273
68344
68421
68427
68664
68675
68914
69102
69177
69180
69195
69201
69213
69221
69247
69271
69275
69277
69285
69286
69289
69290
69295
69296
69303
69307
69318
69319
69324
69326
69327
69331
69336
69347
69348
69354
69356
69359
69363
69378
69384
69390
69398
69400
69402
69406
69407
69434
69435
69442
69453
69463
69466
69467
69472
69478
69482
69485
69487
69491
69496
69497
69505
69511
69519
69537
69538
69540
69550
69551
69562
69569
69570
69579
69589
69596
69604
69608
69612
69615
69639
69646
69650
69653
69661
69668
69669
69675
69677
69681
69682
69685
69687
69693
69703
69704
69706
69709
69712
69719
69729
69731
69736
69739
69741
69747
69749
69750
69756
69759
69766
69780
69787
69801
69808
69813
69819
69838
69840
69849
69855
69860
69865
69866
69874
69878
69881
69887
69890
69897
69918
69919
69923
69929
69931
69936
69940
69949
69963
69965
69971
69972
69981
70005
70011
70020
70022
70030
70051
70053
70059
70076
70078
70084
70087
70123
70135
70139
70156
70159
70169
70181
70196
70199
70210
70211
70212
70250
70268
70269
70292
70318
70324
70325
70374
70378
70389
70404
70444
70478
70595
70635
70674
70714
70721
70757
70837
70869
70890
70945
70965
70976
71043
71052
71063
71086
71119
71158
71178
71191
71207
71257
71269
71308
71315
71316
71329
71335
71338
71343
71363
71376
71377
71383
71387
71389
71411
71424
71435
71447
71457
71459
71463
71480
71481
71498
71503
71507
71510
71511
71517
71520
71522
71525
71529
71540
71544
71552
71555
71562
71565
71574
71583
71586
71590
71606
71614
71620
71640
71648
71651
71661
71670
71673
71679
71693
71699
71713
71715
71716
71723
71731
71734
71738
71740
71744
71766
71863
71914
71947
71978
71981
72023
72026
72063
72104
72130
72170
72207
72216
72254
72278
72306
72312
72323
72345
72355
72372
72388
72391
72421
72457
72496
72531
72566
72585
72590
72603
72641
72692
73024
73160
73241
73538
73645
73673
73805
73906
73965
74130
74348
74584
74692
74710
74834
74851
74895
75127
75249
75303
75304
75496
75516
75537
75738
75790
75804
75837
75839
75960
75977
76002
76009
76179
76295
76410
76470
76517
76527
76567
76585
76603
76618
76624
76630
76875
76917
76985
76986
77013
77202
77206
77222
77331
77360
77361
77403
77414
77418
77421
77454
77464
77510
77537
77547
77556
77586
77624
77630
77639
77640
77649
77650
77661
77673
77675
77682
77687
77711
77718
77721
77729
77732
77738
77744
77746
77753
77755
77760
77773
77779
77788
77793
77812
77816
77820
77832
77839
77845
77856
77858
77861
77863
77874
77881
77890
77895
77900
77906
77908
77911
77929
77932
77937
77939
77945
77955
77957
77969
77975
77978
77989
77993
77995
77998
78005
78012
78028
78030
78037
78039
78044
78059
78060
78087
78088
78092
78115
78127
78129
78132
78139
78141
78197
78198
78201
78220
78235
78241
78250
78271
78276
78295
78302
78306
78313
78326
78348
78366
78376
78377
78393
78436
78439
78443
78451
78463
78480
78481
78487
78519
78528
78562
78658
78702
78902
79193
79279
79406
79553
80088
80167
80239
81113
81329
81882
82260
82510
82536
82659
84017
84699
86186
88940
89623
89813
91886
92767
92912
92963
92973
93674
93801
93840
94033
94330
94734
94843
95378
95539
95791
96128
96241
96925
97009
97186
97327
97492
97552
97553
97683
97753
97787
97828
97930
98048
98070
98098
98134
98254
98334
98368
98524
98548
98592
98619
98622
98737
99046
99070
99248
99262
99415
99638
99862
100148
100195
100325
100337
100439
100616
100684
100686
100795
100896
100960
101275
101377
101540
101646
101655
101659
101801
101852
101879
102040
102404
102459
102465
102538
102608
102609
102612
102698
102699
102736
102761
102763
102823
102883
102923
102925
103025
103081
103130
103146
103147
103164
103183
103185
103229
103230
103316
103407
103410
103411
103522
103732
103746
103776
103779
103888
104011
104021
104263
104556
104595
104701
104763
104796
104868
104895
104935
104966
104968
105041
105148
105150
105173
105447
105463
105538
105589
105599
105601
105628
105747
105773
105802
105887
105899
105969
105970
106099
106174
106208
106490
106492
106505
106548
106571
106588
106666
106702
106717
106725
106758
106760
106791
106809
106810
106851
106852
106974
107036
107156
107210
107212
107341
107349
107384
107583
107586
107651
107664
107743
107766
107838
107894
107916
108008
108065
108090
108257
108263
108306
108330
108331
108332
108350
108352
108360
108365
108459
108528
108529
108532
108551
108602
108614
108673
108675
108677
108819
108965
108967
108981
108990
109182
109285
109445
109446
109494
109699
109756
109835
109880
109884
109908
109909
110001
110021
110044
110213
110226
110280
110384
110422
110517
110537
110540
110541
110699
110727
110797
110902
110927
111045
111046
111076
111127
111203
111207
111243
111372
111406
111564
111584
111585
111606
111608
111622
111653
111686
111948
112054
112106
112294
112674
112734
112800
112815
112832
112890
112956
112986
113024
113077
113111
113160
113222
113404
113423
113581
113680
113730
113815
113911
114018
114032
114104
114277
114283
114309
114317
114318
114473
114580
114642
114759
114942
114944
115010
115051
115057
115110
115155
115195
115351
115508
116103
116193
116194
116196
116247
116252
116468
116485
116561
116638
116720
116823
116847
116876
116927
117180
117183
117380
117428
117494
117503
117510
117511
117529
117530
117545
117710
117798
117800
117968
118020
118061
118106
118125
118190
118223
118231
118408
118453
118461
118487
118498
118520
118597
118652
118673
118689
118956
118992
118997
119082
119214
119229
119240
119326
119387
119388
119389
119460
119550
119559
119617
119623
119722
119843
119855
119941
120034
120041
120048
120051
120152
120177
120286
120287
120563
120565
120588
120591
120672
120692
120744
120774
120880
120881
120932
120951
120960
121000
121014
121021
121022
121028
121102
121109
121111
121112
121191
121227
121259
121300
121301
121316
121320
121331
121344
121383
121386
121435
121460
121467
121469
121479
121508
121551
121585
121587
121588
121591
121621
121637
121658
121675
121737
121746
121757
121759
121823
121847
121895
121913
121914
121915
121927
121932
121969
121987
122045
122050
122052
122057
122069
122090
122208
122211
122214
122216
122258
122263
122274
122313
122326
122329
122340
122431
122446
122462
122463
122469
122523
122578
122636
122679
122707
122710
122719
122764
122766
122773
122821
122868
122911
122915
122920
122926
122971
122986
123032
123077
123081
123082
123116
123130
123173
123257
123258
123266
123269
123277
123304
123383
123393
123415
123427
123455
123462
123474
123478
123515
123587
123590
123661
123668
123678
123686
123687
123714
123722
123752
123774
123802
123840
123852
123867
123873
123887
123904
123909
123958
123961
123975
124007
124055
124056
124064
124074
124076
124091
124106
124143
124159
124166
124167
124185
124199
124235
124250
124258
124267
124270
124282
124340
124406
124415
124423
124441
124448
124481
124504
124565
124566
124569
124584
124597
124599
124671
124680
124705
124777
124846
124898
124909
125031
125068
125107
125231
125252
125318
125328
125483
125512
125710
125752
125805
125980
125993
126128
126299
126355
126406
126410
126437
126804
126847
127029
127213
127324
127556
127574
127718
127847
127974
127993
128003
128031
128118
128149
128154
128207
128236
128248
128317
128337
128348
128438
128478
128500
128512
128591
128611
128705
128749
128798
128825
128851
128894
128906
128969
128972
129018
129162
129194
129230
129237
129325
129389
129407
129519
129548
129651
129691
129723
129801
129823
129876
129880
129953
129980
130006
130047
130091
130117
130205
130213
130259
130276
130310
130357
130383
130389
130413
130462
130488
130551
130631
130729
130758
130877
131227
131322
131367
131414
131576
131631
131661
131678
131688
131729
131784
131831
131888
131904
131962
132073
132234
132275
132330
132464
132568
132574
132602
132695
132723
132748
132801
