14
33
63
76
102
106
109
151
203
248
256
285
363
364
373
418
471
480
562
568
592
605
617
659
676
679
689
751
803
819
832
838
850
851
884
907
939
944
1038
1048
1088
1136
1140
1152
1165
1173
1258
1268
1302
1311
1425
1514
1558
1593
1618
1647
1692
1712
1748
1847
1887
1893
1902
1928
1989
2063
2123
2146
2156
2164
2258
2292
2326
2348
2383
2392
2395
2419
2467
2489
2495
2616
2625
2646
2663
2666
2672
2690
2792
2817
2832
2847
2858
2873
2929
3010
3015
3043
3066
3173
3180
3211
3240
3262
3402
3558
3579
3669
3686
3729
3730
3787
3859
3909
3922
4089
4225
4229
4231
4368
4369
4483
4645
4653
4667
4863
4880
4892
4921
4925
4966
4974
5103
5119
5140
5168
5251
5378
5477
5526
5632
5706
5761
5839
5849
5911
5935
6051
6063
6068
6105
6380
6500
6536
6548
6560
6746
6793
6830
6843
6899
7018
7083
7141
7148
7219
7228
7233
7236
7274
7318
7348
7381
7428
7494
7512
7539
7634
7664
7700
7705
7714
7775
7820
7854
7856
7899
7918
7962
7981
7988
7991
8028
8068
8071
8115
8217
8231
8243
8276
8320
8336
8376
8423
8433
8479
8555
8557
8642
8721
8735
8880
8888
8896
8912
8934
8941
9019
9032
9052
9116
9173
9235
9273
9286
9307
9311
9313
9391
9393
9430
9432
9440
9462
9465
9517
9538
9557
9563
9568
9570
9576
9590
9598
9633
9682
9713
9715
9741
9773
9789
9810
9822
9835
9838
9864
9889
9905
9938
9943
9958
9986
9996
9997
10001
10073
10074
10083
10087
10147
10151
10187
10190
10215
10252
10260
10273
10284
10300
10338
10345
10353
10432
10440
10461
10504
10508
10525
10536
10543
10586
10593
10702
10715
10734
10746
10752
10766
10767
10775
10814
10829
10834
10873
10910
10925
10940
10952
10983
10984
11008
11022
11028
11073
11079
11081
11112
11113
11128
11179
11206
11271
11276
11301
11320
11359
11395
11430
11442
11445
11454
11468
11480
11499
11504
11510
11512
11538
11547
11561
11588
11596
11600
11601
11616
11650
11654
11666
11693
11721
11741
11787
11817
11824
11833
11847
11875
11922
11933
11934
11944
11971
11985
12024
12026
12079
12090
12112
12114
12125
12147
12151
12154
12206
12209
12257
12351
12371
12401
12403
12418
12461
12482
12503
12519
12574
12577
12583
12601
12605
12611
12644
12664
12670
12673
12701
12729
12775
12777
12782
12828
12852
12857
12859
12864
12874
12894
12921
12929
12933
12974
13026
13036
13043
13054
13084
13115
13145
13162
13163
13166
13176
13183
13219
13254
13281
13313
13323
13339
13356
13361
13389
13399
13421
13456
13497
13500
13502
13507
13541
13552
13565
13658
13661
13683
13690
13708
13727
13747
13754
13774
13777
13791
13799
13830
13836
13854
13861
13876
13879
13880
13882
13900
13918
13927
13933
13955
13969
13975
13976
14011
14053
14074
14079
14104
14142
14173
14185
14188
14200
14227
14231
14268
14305
14348
14364
14415
14421
14462
14466
14548
14554
14573
14659
14662
14670
14682
14703
14708
14711
14715
14741
14755
14759
14770
14775
14782
14789
14792
14803
14812
14825
14827
14829
14833
14862
14883
14885
14900
14905
14921
14938
14944
14980
15023
15033
15054
15067
15089
15099
15110
15128
15135
15154
15161
15182
15188
15209
15261
15269
15272
15287
15300
15333
15401
15439
15454
15466
15472
15496
15498
15509
15510
15511
15554
15604
15647
15658
15679
15702
15734
15755
15770
15802
15829
15858
15869
15885
15901
15951
15954
15957
16003
16014
16023
16032
16041
16046
16081
16095
16128
16147
16169
16204
16214
16237
16261
16307
16322
16328
16345
16347
16386
16418
16447
16449
16488
16491
16495
16498
16509
16534
16545
16549
16594
16611
16618
16664
16667
16672
16676
16687
16699
16713
16720
16726
16731
16749
16789
16802
16812
16813
16833
16844
16866
16869
16888
16922
16945
16949
16950
16974
16993
17024
17036
17098
17117
17127
17129
17132
17199
17225
17233
17244
17252
17266
17282
17320
17351
17366
17373
17379
17409
17448
17477
17518
17527
17553
17559
17593
17613
17661
17682
17714
17755
17806
17846
17856
17876
17881
17916
17919
17921
17931
17953
17970
17974
18032
18065
18080
18087
18093
18110
18153
18202
18209
18210
18240
18265
18270
18276
18283
18297
18335
18336
18348
18424
18425
18427
18448
18451
18466
18486
18487
18525
18560
18587
18597
18677
18703
18709
18744
18751
18758
18759
18769
18791
18807
18824
18861
18862
18863
18907
18964
18974
18979
19034
19076
19090
19121
19183
19184
19185
19315
19323
19339
19340
19361
19363
19410
19445
19491
19553
19571
19579
19615
19662
19789
19797
19832
19851
19863
19882
19931
19952
19975
19976
19993
20053
20083
20091
20112
20172
20189
20211
20266
20379
20407
20416
20429
20459
20502
20514
20559
20601
20651
20735
20786
20789
20881
20953
20959
21015
21020
21070
21085
21107
21132
21138
21152
21164
21167
21177
21221
21247
21248
21311
21375
21433
21465
21486
21554
21621
21637
21644
21720
21724
21786
21801
21805
21823
21827
21848
21912
21951
21979
21987
22028
22069
22151
22194
22238
22255
22352
22378
22405
22460
22478
22562
22607
22624
22641
22647
22669
22676
22780
22787
22854
22901
22909
23015
23035
23116
23117
23160
23171
23231
23316
23332
23355
23438
23492
23499
23516
23531
23542
23553
23608
23626
23647
23662
23663
23669
23743
23827
23831
23834
23881
23892
23898
24026
24034
24054
24074
24086
24194
24233
24313
24332
24335
24354
24373
24386
24589
24609
24615
24670
24675
24691
24732
24745
24808
24810
24814
24836
24872
24879
24939
24963
24986
24998
25003
25008
25084
25106
25164
25172
25182
25237
25242
25280
25297
25322
25333
25369
25372
25373
25393
25421
25425
25427
25428
25435
25451
25487
25512
25554
25611
25640
25641
25666
25689
25720
25721
25723
25771
25809
25823
25902
25924
25959
25999
26027
26056
26058
26064
26084
26087
26101
26128
26181
26185
26213
26265
26271
26288
26330
26377
26396
26462
26479
26483
26518
26542
26560
26577
26602
26621
26662
26686
26734
26763
26769
26840
26849
26887
26891
26892
26908
26926
26936
26939
26959
26961
26964
26984
26989
27032
27052
27056
27059
27123
27162
27191
27200
27232
27259
27284
27287
27348
27356
27385
27397
27496
27518
27520
27548
27599
27660
27680
27775
27835
27836
27843
27933
27955
27963
28003
28091
28111
28129
28154
28188
28200
28244
28254
28294
28326
28353
28443
28469
28475
28500
28556
28571
28575
28608
28617
28646
28649
28671
28674
28675
28705
28707
28722
28805
28825
28833
28848
28870
28929
28941
28946
28977
29070
29091
29095
29243
29245
29255
29257
29261
29290
29316
29320
29346
29402
29407
29428
29430
29435
29478
29487
29506
29524
29532
29542
29591
29606
29616
29618
29637
29688
29709
29801
29831
29851
29872
29946
29955
29972
29997
30008
30018
30030
30041
30063
30099
30108
30111
30180
30210
30213
30225
30227
30239
30261
30289
30321
30341
30361
30370
30375
30403
30420
30442
30443
30462
30464
30502
30537
30547
30550
30582
30610
30624
30648
30658
30689
30722
30723
30728
30769
30787
30849
30853
30876
30915
30947
30983
31005
31008
31085
31110
31122
31184
31194
31219
31252
31282
31296
31300
31347
31366
31388
31496
31530
31573
31575
31581
31582
31584
31718
31772
31801
31819
31842
31843
31880
31888
31930
31964
31994
31996
32059
32076
32079
32086
32092
32117
32129
32137
32238
32291
32321
32325
32419
32422
32471
32488
32496
32500
32560
32584
32594
32595
32615
32684
32687
32768
32783
32852
32947
32959
32995
33021
33029
33051
33060
33072
33091
33133
33147
33199
33200
33229
33249
33284
33301
33329
33337
33401
33411
33484
33497
33509
33518
33533
33535
33537
33576
33578
33589
33621
33645
33652
33653
33666
33688
33698
33724
33744
33785
33798
33834
33845
33890
33896
33901
33907
33929
33946
33956
33962
33992
34011
34056
34065
34068
34079
34081
34162
34198
34226
34278
34305
34335
34341
34374
34411
34441
34465
34471
34506
34524
34533
34556
34591
34597
34655
34677
34712
34718
34743
34780
34789
34798
34832
34847
34866
34876
34900
34905
34925
34954
34968
35029
35065
35080
35093
35108
35127
35164
35239
35242
35273
35305
35318
35330
35343
35371
35407
35414
35482
35545
35586
35677
35690
35721
35736
35737
35832
35846
35858
35859
35869
35892
35950
35984
35987
36054
36067
36128
36136
36245
36303
36328
36364
36465
36499
36545
36576
36608
36624
36744
36756
36770
36895
36922
36950
36968
37035
37177
37198
37270
37279
37314
37368
37412
37422
37501
37505
37517
37602
37671
37815
37857
38117
38189
38217
38259
38272
38297
38381
38428
38432
38557
38576
38654
38760
38817
39026
39255
39256
39286
39353
39393
39407
39478
39611
39998
40174
40175
40291
40386
40411
40515
40555
40683
40916
41024
41029
41053
41072
41487
41912
42207
42241
42386
42620
42713
42766
42779
42782
42809
42912
42946
42962
42985
43046
43186
43240
43460
43568
43623
43765
43808
43926
44000
44043
44049
44112
44197
44229
44232
44248
44261
44262
44327
44377
44403
44414
44441
44501
44527
44570
44582
44599
44630
44654
44720
44725
44833
44895
44914
45069
45147
45295
45363
45423
45491
45769
45849
45854
46054
46091
46156
46250
46373
46383
46521
46656
46705
46840
46862
46969
47194
47250
47320
47439
47500
47534
47554
47588
47599
47624
47691
47699
47755
47805
47906
47991
48078
48084
48130
48214
48237
48246
48249
48283
48356
48411
48437
48789
48905
48969
49115
49231
49245
49284
49360
49461
49472
49799
49958
50018
50039
50159
50214
50361
50598
50630
50687
51024
51087
51088
51124
51146
51202
51207
51215
51219
51269
51318
51340
51423
51427
51491
51532
51613
51692
51736
51896
52080
52159
52164
52195
52222
52232
52253
52258
52322
52407
52445
52551
52605
52609
52620
52669
52780
52866
52925
52947
53046
53082
53105
53139
53149
53156
53171
53192
53207
53220
53262
53265
53285
53308
53327
53392
53471
53485
53529
53551
53583
53591
53619
53703
53711
53721
53748
53765
53770
53783
53835
53849
53850
53861
53867
53886
53909
53912
53958
53987
53988
54000
54041
54097
54108
54126
54129
54134
54187
54225
54243
54304
54321
54340
54353
54378
54409
54425
54429
54457
54472
54485
54529
54601
54681
54687
54735
54747
54748
54763
54773
54827
54840
54853
54856
54865
54884
54928
54929
54934
54937
54946
54953
54974
54976
55001
55053
55070
55080
55147
55150
55168
55183
55202
55208
55219
55226
55228
55267
55325
55328
55330
55343
55354
55388
55391
55400
55406
55408
55434
55440
55441
55444
55446
55447
55457
55460
55484
55498
55506
55512
55534
55535
55538
55542
55545
55553
55569
55579
55580
55583
55588
55590
55595
55605
55612
55616
55622
55629
55634
55685
55695
55711
55712
55717
55740
55747
55750
55751
55766
55769
55773
55774
55777
55782
55784
55790
55796
55811
55813
55816
55820
55829
55831
55834
55836
55845
55861
55866
55868
55875
55888
55889
55904
55910
55914
55920
55922
55923
55924
55932
55934
55937
55938
55939
55944
55947
55953
55957
55965
55970
55980
55990
56001
56016
56018
56023
56025
56028
56042
56047
56052
56065
56072
56085
56091
56095
56101
56121
56127
56143
56149
56150
56152
56154
56162
56164
56166
56167
56169
56176
56183
56187
56199
56212
56217
56220
56226
56229
56250
56260
56261
56275
56284
56287
56291
56296
56298
56301
56305
56307
56312
56317
56332
56361
56381
56384
56387
56408
56414
56420
56429
56475
56567
56572
56653
56731
56777
56833
56861
56902
57086
57135
57136
57145
57182
57197
57235
57260
57288
57332
57342
57400
57412
57475
57481
57488
57492
57497
57504
57524
57528
57539
57598
57602
57618
57619
57621
57673
57675
57688
57694
57696
57709
57720
57728
57734
57760
57761
57780
57784
57812
57819
57833
57839
57882
57888
57925
57927
57933
57951
57958
57973
57983
57998
58012
58013
58044
58081
58095
58096
58108
58136
58151
58190
58199
58215
58342
58395
58402
58433
58438
58443
58448
58654
58911
58986
58997
59112
59156
59257
59375
59388
59405
59413
59420
59429
59438
59448
59452
59461
59463
59469
59493
59506
59509
59510
59520
59531
59534
59536
59560
59594
59623
59651
59655
59664
59894
60234
60361
60384
60385
60504
60526
60649
60664
60699
60742
60766
60840
61035
61044
61164
61184
61202
61205
61211
61228
61249
61273
61282
61311
61354
61359
61404
61413
61432
61464
61469
61470
61476
61538
61559
61561
61570
61576
61589
61595
61596
61611
61658
61663
61696
61718
61726
61738
61751
61776
61785
61791
61821
61824
61830
61869
61881
61893
61918
61932
61941
61954
61971
61998
62007
62014
62015
62043
62044
62058
62059
62060
62078
62097
62103
62110
62111
62128
62147
62149
62165
62168
62174
62175
62181
62184
62200
62213
62222
62223
62224
62235
62237
62248
62252
62267
62280
62294
62295
62296
62303
62306
62308
62347
62350
62354
62371
62380
62389
62405
62421
62448
62467
62473
62485
62505
62511
62513
62539
62570
62582
62587
62588
62590
62591
62592
62603
62616
62625
62629
62630
62631
62647
62649
62676
62677
62678
62679
62687
62693
62700
62703
62722
62724
62729
62738
62754
62756
62758
62762
62768
62773
62782
62799
62826
62830
62844
62847
62853
62882
62884
62892
62893
62908
62929
62932
62942
62943
62952
62955
62966
62971
62979
62981
62999
63023
63026
63027
63050
63051
63068
63091
63112
63113
63116
63120
63132
63141
63155
63162
63192
63193
63203
63205
63231
63236
63238
63272
63273
63282
63292
63306
63319
63324
63337
63340
63346
63349
63369
63376
63387
63392
63403
63404
63408
63413
63449
63456
63457
63461
63463
63467
63491
63501
63504
63505
63518
63534
63537
63556
63567
63573
63581
63583
63585
63588
63599
63605
63607
63611
63613
63620
63633
63646
63648
63655
63659
63660
63672
63691
63702
63716
63720
63725
63732
63738
63748
63769
63775
63778
63780
63784
63793
63798
63814
63839
63843
63854
63856
63862
63865
63875
63878
63898
63902
63904
63905
63907
63913
63914
63920
63937
63943
63946
63960
63965
63982
63983
63989
63990
63994
64004
64016
64033
64065
64081
64084
64103
64131
64133
64142
64165
64175
64184
64189
64220
64222
64226
64241
64264
64267
64294
64332
64344
64350
64369
64374
64389
64424
64429
64451
64463
64470
64483
64491
64504
64507
64521
64537
64543
64559
64563
64583
64588
64604
64612
64614
64636
64637
64654
64657
64661
64662
64686
64712
64722
64760
64762
64785
64800
64851
64878
64879
64910
64934
64937
64941
64946
64948
64973
65022
65040
65087
65117
65126
65148
65180
65195
65221
65223
65226
65264
65294
65298
65308
65316
65335
65348
65355
65359
65374
65384
65385
65399
65408
65417
65457
65483
65493
65494
65501
65503
65509
65542
65545
65553
65556
65558
65594
65602
65608
65610
65612
65613
65641
65648
65651
65703
65706
65730
65731
65732
65736
65743
65756
65777
65779
65795
65814
65883
65884
65904
65910
65928
65952
65969
66020
66035
66036
66044
66062
66103
66108
66111
66124
66154
66166
66175
66213
66291
66295
66304
66314
66320
66345
66347
66352
66357
66381
66385
66400
66442
66444
66447
66480
66489
66548
66564
66574
66579
66603
66707
66712
66722
66797
66806
66923
66972
67001
67037
67052
67054
67058
67141
67180
67182
67201
67240
67309
67339
67340
67365
67391
67412
67443
67545
67562
67653
67673
67857
67982
68016
68025
68062
68084
68107
68111
68117
68138
68157
68192
68193
68226
68229
68289
68301
68316
68317
68331
68351
68359
68380
68392
68424
68439
68464
68468
68477
68504
68518
68535
68536
68545
68550
68561
68584
68589
68614
68636
68651
68674
68679
68684
68691
68705
68721
68760
68764
68768
68801
68809
68843
68851
68870
68875
68876
68883
68890
68921
68945
68969
68979
68986
68991
68994
69006
69017
69021
69043
69044
69047
69068
69070
69073
69079
69081
69095
69104
69115
69120
69124
69142
69156
69163
69207
69211
69216
69227
69242
69252
69294
69309
69321
69329
69357
69379
69396
69403
69412
69413
69424
69429
69455
69458
69459
69464
69468
69499
69503
69529
69535
69553
69559
69560
69593
69597
69621
69627
69633
69636
69643
69666
69679
69696
69698
69717
69721
69748
69762
69763
69772
69775
69805
69810
69826
69835
69885
69889
69891
69892
69899
69902
69910
69922
69925
69927
69935
69939
69951
69959
69964
69967
69968
69976
69977
69979
69982
69985
69986
69989
70000
70001
70006
70009
70012
70016
70024
70036
70063
70065
70072
70079
70083
70094
70099
70105
70108
70113
70122
70127
70136
70138
70140
70151
70154
70176
70194
70207
70223
70224
70226
70230
70235
70243
70249
70255
70256
70262
70266
70280
70320
70348
70350
70354
70356
70358
70361
70368
70376
70412
70428
70463
70467
70468
70469
70473
70476
70503
70506
70532
70545
70546
70556
70560
70561
70571
70588
70593
70596
70598
70607
70626
70629
70631
70649
70655
70656
70671
70682
70690
70694
70702
70708
70716
70739
70759
70760
70773
70778
70780
70781
70786
70801
70804
70807
70814
70816
70851
70853
70863
70892
70900
70903
70925
70926
70936
70949
70957
70971
70990
70996
70997
71003
71022
71023
71029
71040
71054
71057
71069
71071
71081
71098
71122
71125
71131
71136
71141
71143
71144
71153
71155
71160
71166
71172
71180
71197
71211
71216
71220
71224
71227
71230
71233
71237
71238
71249
71252
71255
71258
71265
71268
71280
71283
71294
71297
71299
71309
71313
71321
71353
71385
71390
71393
71407
71421
71425
71429
71448
71449
71451
71456
71468
71487
71501
71534
71535
71567
71573
71592
71602
71611
71616
71629
71634
71643
71662
71675
71703
71748
71757
71780
71794
71799
71808
71845
71847
71860
71878
71882
71884
71911
71930
71944
71955
71992
72003
72052
72060
72100
72121
72133
72155
72157
72185
72241
72296
72319
72344
72375
72378
72521
72536
72558
72610
72612
72652
72685
72701
72724
72737
72750
72784
72827
72848
72856
72864
72892
72898
72903
72938
72988
72990
73012
73042
73063
73065
73161
73173
73212
73226
73234
73236
73246
73272
73278
73284
73317
73319
73352
73362
73396
73398
73410
73413
73481
73518
73519
73526
73528
73580
73619
73636
73638
73671
73740
73825
73839
73984
74027
74090
74108
74211
74226
74311
74435
74460
74501
74595
74596
74626
74633
74654
74740
74750
74763
74770
74857
74868
74941
74950
74969
74985
75000
75045
75133
75140
75237
75302
75453
75480
75497
75525
75533
75546
75563
75570
75571
75615
75629
75640
75658
75694
75743
75746
75759
75762
75774
75782
75818
75841
75842
75851
75853
75876
75878
75882
75884
75885
75892
75919
75922
75957
75961
75983
75999
76007
76028
76066
76107
76115
76138
76160
76162
76171
76175
76249
76274
76298
76303
76307
76322
76349
76357
76371
76375
76379
76385
76403
76405
76447
76452
76514
76555
76589
76656
76670
76693
76706
76708
76724
76767
76801
76803
76805
76824
76826
76831
76833
76849
76859
76867
76871
76878
76883
76888
76892
76898
76905
76924
76925
76935
76936
76938
76948
76949
76950
76959
76965
76973
76982
76988
76990
77000
77002
77007
77016
77022
77030
77035
77039
77051
77053
77056
77057
77059
77064
77065
77074
77077
77083
77085
77090
77106
77110
77116
77117
77118
77119
77121
77126
77135
77138
77150
77161
77172
77176
77184
77200
77203
77204
77211
77224
77227
77253
77258
77272
77285
77288
77296
77297
77299
77308
77319
77321
77323
77326
77328
77341
77342
77356
77364
77366
77367
77375
77376
77380
77384
77387
77395
77409
77426
77435
77457
77474
77480
77487
77492
77502
77505
77507
77520
77530
77532
77539
77551
77555
77572
77592
77593
77615
77629
77641
77642
77652
77656
77659
77678
77699
77701
77733
77771
77796
77822
77834
77846
77868
77914
77935
77966
77970
77976
77987
77991
77996
78024
78061
78063
78086
78108
78131
78185
78189
78215
78228
78231
78266
78274
78280
78283
78339
78398
78412
78423
78445
78467
78468
78493
78571
78584
78594
78598
78616
78626
78642
78663
78670
78683
78691
78750
78840
78910
78990
79011
79025
79045
79049
79057
79069
79073
79094
79100
79102
79105
79121
79124
79168
79188
79224
79240
79286
79290
79294
79435
79456
79527
79532
79537
79575
79765
79769
79816
79951
80034
80062
80156
80158
80174
80189
80422
80435
80445
80449
80736
80781
80904
80984
81049
81052
81092
81171
81281
81296
81415
81419
81993
82035
82048
82057
82119
82161
82181
82229
82288
82294
82335
82419
82436
82439
82448
82463
82476
82521
82565
82787
82806
82873
82890
83016
83142
83143
83166
83220
83268
83408
83497
83512
83578
83586
83605
83624
83701
83867
83895
83933
84014
84041
84057
84091
84184
84441
84454
84661
84689
84700
84755
84761
84874
84976
84977
85350
85414
85621
85647
85648
85756
85905
86041
86106
86146
86183
86193
86229
86394
86445
86529
86754
86783
86900
86903
87095
87138
87243
87281
87332
87482
87621
87862
87875
87882
88021
88065
88120
88171
88410
88466
88521
88573
88591
88648
88806
88823
89180
89185
89286
89427
89467
89533
89837
89892
89910
89945
90130
90149
90299
90361
90493
90575
90599
90673
90903
91153
91215
91259
91286
91363
91607
91620
91640
91696
91731
91799
91911
92085
92195
92436
92477
92504
92553
92623
92690
92692
92713
92729
92740
92747
92756
92806
92831
92850
92913
92958
93020
93191
93214
93245
93255
93350
93378
93421
93479
93481
93558
93572
93605
93643
93673
93703
93765
93830
93841
93848
93875
93894
93908
94009
94053
94061
94077
94115
94150
94198
94201
94257
94288
94412
94425
94432
94479
94527
94556
94561
94565
94587
94624
94635
94641
94644
94685
94736
94754
94769
94791
94821
94828
94842
94863
94869
94876
94921
94943
95022
95084
95104
95120
95175
95195
95206
95212
95242
95265
95269
95274
95287
95347
95382
95387
95397
95399
95417
95478
95489
95490
95507
95521
95590
95593
95597
95618
95623
95679
95700
95735
95741
95747
95768
95794
95798
95847
95855
95857
95858
95888
95889
95897
95913
95918
96039
96059
96102
96109
96135
96141
96165
96177
96192
96199
96214
96251
96332
96413
96415
96417
96418
96424
96450
96477
96480
96484
96515
96517
96529
96550
96556
96599
96611
96625
96642
96650
96651
96668
96694
96707
96725
96731
96752
96763
96765
96774
96790
96804
96805
96815
96832
96854
96908
96935
96945
96947
96966
96972
96973
96977
96988
97037
97084
97113
97161
97170
97175
97211
97288
97293
97299
97319
97339
97379
97413
97425
97497
97532
97562
97606
97615
97628
97639
97656
97660
97718
97747
97751
97769
97781
97806
97810
97918
97931
97960
97967
97969
97984
97994
97995
98012
98024
98036
98153
98154
98194
98200
98216
98225
98256
98276
98282
98287
98320
98345
98394
98408
98419
98467
98479
98496
98500
98602
98652
98654
98680
98701
98846
98850
98883
98900
98934
98975
99017
99036
99065
99067
99151
99199
99214
99220
99273
99275
99308
99317
99343
99370
99379
99404
99424
99447
99456
99499
99556
99616
99623
99626
99635
99641
99677
99685
99691
99716
99803
99804
99825
99840
99856
99961
99997
100006
100009
100014
100021
100057
100070
100071
100074
100075
100099
100109
100125
100135
100158
100196
100197
100214
100219
100220
100227
100230
100240
100244
100286
100288
100346
100347
100365
100367
100398
100450
100461
100484
100490
100491
100536
100548
100628
100638
100646
100652
100687
100690
100691
100707
100723
100731
100742
100771
100789
100790
100910
100923
100985
100987
101037
101063
101100
101105
101151
101164
101198
101204
101259
101308
101339
101428
101433
101477
101479
101511
101590
101604
101619
101625
101648
101651
101652
101661
101712
101731
101804
101881
101899
101916
101967
101986
101993
102010
102015
102022
102137
102218
102381
102383
102398
102425
102441
102527
102541
102544
102638
102644
102656
102662
102690
102737
102769
102775
102822
102839
102843
102852
102859
102861
102887
102921
102947
103012
103051
103061
103145
103204
103274
103309
103333
103395
103396
103431
103448
103451
103458
103502
103550
103568
103579
103663
103674
103717
103734
103739
103741
103874
103889
103915
103987
104020
104040
104063
104066
104071
104149
104333
104334
104348
104350
104367
104448
104464
104481
104566
104631
104666
104703
104723
104725
104745
104806
104865
104877
104912
104959
104969
104973
104975
105003
105040
105047
105060
105070
105084
105109
105111
105116
105117
105183
105191
105199
105237
105243
105252
105253
105291
105356
105364
105371
105403
105449
105474
105489
105533
105556
105557
105561
105588
105597
105598
105625
105636
105644
105670
105695
105710
105712
105740
105777
105782
105783
105785
105810
105827
105833
105839
105906
106020
106041
106048
106064
106066
106085
106124
106129
106133
106138
106143
106173
106175
106239
106298
106300
106355
106438
106480
106502
106511
106514
106524
106538
106564
106596
106682
106696
106704
106731
106826
106997
107011
107071
107110
107117
107237
107284
107299
107369
107412
107435
107437
107452
107539
107607
107610
107617
107624
107632
107642
107646
107725
107737
107742
107767
107768
107859
107863
107934
107977
107983
108052
108069
108070
108085
108213
108353
108393
108477
108482
108573
108581
108629
108664
108669
108723
108748
108751
108786
108849
108877
108897
108908
108928
108941
109062
109184
109191
109230
109240
109255
109297
109383
109466
109514
109525
109530
109550
109583
109722
109748
109767
109772
109779
109780
109803
109815
109858
109862
109872
109883
109913
109918
110000
110040
110134
110177
110180
110288
110293
110328
110433
110434
110466
110535
110552
110572
110579
110589
110610
110616
110679
110697
110718
110735
110744
110775
110777
110782
110850
110860
110868
110922
110932
110981
111060
111111
111123
111184
111186
111267
111278
111290
111305
111348
111386
111423
111574
111577
111620
111626
111670
111672
111767
111918
111939
111950
111986
112010
112081
112149
112160
112179
112238
112286
112320
112569
112638
112691
112732
112745
112768
112785
112790
112853
112915
112943
112944
113012
113016
113069
113080
113113
113120
113151
113189
113199
113217
113261
113314
113319
113321
113341
113344
113381
113462
113499
113605
113639
113699
113717
113731
113774
113825
113836
113885
113900
113903
113910
113916
113964
113968
113969
113977
113982
113985
114016
114069
114080
114085
114132
114209
114256
114363
114437
114469
114481
114550
114562
114576
114603
114611
114670
114689
114690
114700
114727
114791
114807
114850
114855
114861
114916
114926
114957
114982
114997
115002
115003
115016
115037
115038
115047
115083
115089
115119
115144
115157
115207
115226
115227
115228
115256
115271
115278
115280
115289
115306
115309
115346
115375
115386
115390
115433
115454
115455
115457
115467
115489
115502
115594
115612
115615
115623
115636
115651
115701
115775
115798
115827
115830
115930
115932
115963
115981
115999
116007
116024
116038
116123
116125
116133
116135
116210
116217
116231
116312
116352
116379
116393
116512
116525
116551
116555
116614
116652
116659
116685
116706
116711
116721
116722
116744
116749
116801
116807
116811
116859
116916
116950
116952
116974
116982
117015
117028
117055
117105
117147
117184
117187
117194
117235
117240
117256
117308
117334
117346
117351
117367
117378
117379
117533
117573
117575
117589
117600
117607
117666
117684
117690
117729
117749
117769
117782
117804
117828
117909
117934
117980
118024
118073
118091
118109
118110
118128
118132
118155
118170
118180
118191
118211
118225
118235
118258
118290
118343
118353
118354
118367
118369
118405
118409
118516
118523
118540
118604
118649
118650
118657
118677
118687
118705
118730
118744
118808
118856
118880
118918
118960
118994
119093
119098
119136
119148
119181
119185
119188
119217
119225
119246
119266
119296
119310
119316
119323
119345
119384
119386
119391
119396
119426
119437
119452
119457
119485
119486
119551
119561
119574
119575
119580
119588
119592
119597
119650
119653
119659
119671
119686
119702
119719
119725
119730
119736
119744
119765
119767
119773
119798
119800
119802
119815
119819
119824
119844
119858
119863
119865
119869
119883
119884
119895
119906
119920
119951
119975
119989
120002
120005
120007
120016
120020
120042
120059
120078
120095
120097
120132
120137
120173
120183
120191
120253
120256
120268
120276
120299
120327
120367
120391
120431
120437
120463
120464
120469
120470
120471
120492
120502
120504
120507
120614
120657
120669
120689
120696
120699
120736
120753
120769
120786
120787
120808
120813
120816
120830
120835
120838
120841
120859
120861
120869
120879
120913
120945
120946
120948
120964
120999
121009
121011
121068
121139
121151
121164
121182
121195
121201
121246
121287
121299
121314
121357
121366
121417
121421
121423
121442
121497
121510
121527
121529
121530
121533
121541
121543
121549
121554
121568
121580
121589
121597
121598
121607
121651
121655
121662
121681
121692
121693
121706
121713
121718
121721
121729
121745
121749
121755
121760
121778
121779
121780
121789
121813
121834
121840
121866
121882
121903
121905
121929
121935
121953
121958
121994
122020
122032
122044
122060
122075
122081
122107
122113
122116
122117
122118
122123
122127
122140
122176
122183
122244
122288
122292
122330
122339
122369
122370
122396
122405
122448
122450
122468
122470
122487
122492
122535
122573
122612
122614
122630
122662
122663
122666
122694
122725
122806
122818
122843
122856
122858
122884
122889
122904
122943
122947
122969
122978
122993
123004
123024
123046
123050
123052
123067
123088
123100
123111
123139
123147
123148
123152
123154
123161
123164
123180
123199
123231
123246
123250
123299
123337
123404
123407
123410
123428
123511
123512
123534
123547
123553
123605
123626
123629
123636
123673
123695
123733
123758
123762
123778
123799
123838
123850
123859
123986
124012
124031
124067
124077
124086
124089
124115
124122
124141
124187
124197
124273
124274
124280
124293
124305
124324
124361
124389
124474
124486
124514
124519
124524
124528
124533
124543
124579
124645
124650
124662
124677
124710
124742
124789
124829
124834
124838
124843
124854
124882
124887
124955
124970
124978
125051
125057
125076
125153
125158
125159
125182
125233
125278
125291
125329
125420
125454
125465
125475
125515
125521
125554
125562
125568
125596
125625
125642
125651
125668
125689
125722
125750
125751
125852
125886
125903
125935
126049
126065
126071
126135
126468
126499
126743
126884
126968
127032
127053
127171
127172
127321
127363
127368
127374
127379
127380
127399
127406
127411
127428
127476
127510
127511
127513
127523
127526
127611
127620
127623
127672
127719
127722
127783
127790
127825
127860
127870
127931
127937
127950
128051
128056
128099
128181
128191
128208
128239
128240
128271
128319
128343
128346
128383
128400
128408
128513
128531
128549
128552
128563
128592
128758
128782
128796
128814
128835
128862
128883
128956
128977
128998
129050
129094
129106
129108
129160
129204
129206
129215
129232
129234
129347
129390
129395
129447
129533
129577
129637
129664
129727
129774
129778
129874
129892
129933
129977
129994
129996
130008
130087
130097
130104
130112
130179
130197
130249
130298
130303
130391
130402
130408
130410
130496
130533
130547
130561
130701
130964
131011
131125
131131
131165
131246
131355
131455
131568
131618
131637
131665
131730
131752
131791
131946
132001
132048
132198
132217
132221
132290
132297
132384
132397
132416
132418
132457
132460
132462
132481
132519
132534
132538
132542
132553
132667
132692
