31
83
281
344
357
362
402
428
472
506
534
551
613
723
796
816
846
981
1003
1026
1085
1101
1138
1143
1155
1156
1183
1191
1193
1228
1229
1242
1254
1270
1272
1273
1283
1293
1300
1329
1372
1513
1534
1549
1577
1600
1626
1661
1729
1746
1750
1830
1849
1859
1867
1919
1925
1946
1959
2115
2149
2271
2300
2344
2386
2488
2499
2510
2522
2555
2557
2559
2568
2577
2583
2661
2670
2677
2679
2736
2757
2767
2810
2860
2867
2930
2931
2950
2986
3064
3074
3124
3277
3282
3300
3369
3392
3411
3424
3440
3457
3471
3474
3527
3533
3538
3548
3588
3598
3608
3613
3633
3643
3647
3653
3656
3659
3671
3673
3674
3691
3715
3764
3774
3794
3795
3805
3817
3843
3846
3861
3899
3944
3955
3962
4013
4022
4024
4036
4056
4085
4109
4157
4161
4184
4264
4311
4475
4558
4579
4637
4648
4663
4678
4686
4732
4755
4765
4767
4779
4821
4823
4829
4858
4876
4905
4941
4960
4989
4990
5027
5049
5083
5135
5154
5170
5226
5282
5294
5338
5360
5389
5391
5403
5422
5426
5472
5489
5491
5499
5521
5536
5561
5575
5583
5600
5602
5619
5668
5680
5684
5696
5777
5793
5797
5800
5809
5865
5875
5893
5914
5915
5938
5942
5945
5959
6008
6071
6084
6095
6100
6119
6133
6160
6176
6226
6273
6274
6278
6284
6314
6348
6349
6363
6396
6405
6414
6491
6515
6547
6575
6590
6594
6596
6606
6633
6634
6649
6673
6676
6681
6692
6726
6731
6736
6739
6741
6742
6751
6752
6768
6785
6825
6862
6866
6875
6893
6910
6993
7001
7002
7004
7006
7107
7112
7131
7133
7149
7159
7166
7182
7185
7186
7195
7208
7264
7279
7283
7286
7301
7312
7359
7371
7379
7380
7384
7423
7427
7436
7469
7477
7495
7521
7537
7540
7611
7623
7627
7638
7639
7641
7655
7658
7665
7680
7719
7747
7769
7795
7798
7816
7825
7827
7851
7867
7872
7881
7910
7929
7955
7969
7982
8002
8005
8057
8058
8086
8088
8089
8091
8096
8104
8106
8126
8134
8143
8163
8179
8188
8204
8210
8222
8226
8256
8281
8292
8297
8302
8306
8307
8311
8334
8367
8370
8380
8394
8418
8440
8442
8449
8455
8466
8480
8497
8501
8514
8522
8526
8534
8553
8560
8590
8591
8614
8615
8626
8659
8674
8685
8686
8697
8704
8731
8734
8739
8753
8787
8794
8795
8815
8816
8834
8850
8881
8883
8909
8913
8927
8935
8946
8992
9009
9012
9013
9028
9043
9059
9102
9111
9122
9123
9136
9146
9153
9161
9182
9231
9236
9269
9279
9293
9303
9314
9336
9340
9342
9357
9358
9376
9383
9402
9406
9409
9414
9427
9454
9491
9492
9498
9515
9518
9528
9556
9560
9574
9587
9604
9609
9632
9635
9636
9653
9709
9721
9771
9783
9788
9791
9796
9797
9901
9906
9917
9922
9925
9935
9945
9951
9979
10037
10054
10110
10131
10141
10144
10216
10232
10281
10289
10292
10293
10299
10309
10332
10360
10361
10367
10398
10402
10409
10415
10417
10421
10427
10439
10448
10464
10469
10503
10526
10547
10562
10567
10576
10590
10595
10627
10629
10647
10653
10678
10722
10724
10735
10742
10744
10747
10757
10759
10765
10790
10801
10806
10836
10860
10870
10871
10875
10878
10887
10924
10930
10957
10965
10972
10987
10997
11002
11006
11020
11029
11031
11035
11042
11054
11072
11082
11087
11100
11117
11119
11125
11129
11152
11200
11205
11214
11219
11229
11242
11261
11278
11319
11323
11338
11368
11384
11389
11403
11417
11447
11460
11462
11484
11485
11492
11508
11513
11537
11564
11572
11599
11619
11622
11633
11636
11638
11646
11652
11657
11679
11680
11682
11689
11700
11743
11747
11756
11766
11775
11786
11832
11835
11844
11891
11904
11914
11915
11923
11962
11965
11980
12010
12063
12085
12086
12139
12140
12143
12177
12181
12236
12260
12266
12272
12279
12282
12318
12320
12356
12362
12370
12383
12386
12397
12398
12404
12422
12431
12432
12455
12463
12485
12571
12585
12602
12612
12618
12623
12628
12635
12672
12688
12737
12740
12748
12764
12792
12800
12807
12827
12830
12834
12843
12851
12870
12887
12897
12899
12949
12952
12976
12999
13001
13094
13109
13128
13140
13196
13205
13227
13229
13234
13239
13240
13241
13244
13279
13283
13299
13324
13329
13346
13351
13358
13443
13454
13472
13475
13487
13519
13547
13554
13556
13562
13581
13605
13613
13651
13674
13699
13722
13748
13762
13770
13780
13795
13804
13806
13831
13837
13840
13860
13870
13871
13884
13903
13924
13932
13937
13941
13945
13950
13956
14028
14045
14081
14082
14098
14100
14113
14122
14163
14175
14192
14236
14325
14328
14331
14332
14334
14342
14367
14380
14381
14410
14440
14517
14529
14567
14611
14618
14624
14688
14689
14692
14701
14706
14707
14725
14771
14778
14819
14822
14828
14894
14915
14918
14931
14956
14976
15008
15009
15034
15041
15048
15119
15137
15143
15173
15212
15263
15289
15290
15304
15316
15322
15325
15366
15382
15385
15400
15412
15424
15446
15460
15470
15485
15492
15513
15589
15599
15605
15608
15609
15628
15643
15656
15664
15684
15708
15720
15742
15762
15767
15801
15811
15812
15814
15848
15866
15878
15904
15950
15966
15976
15995
15997
16013
16025
16034
16058
16065
16070
16076
16118
16120
16148
16149
16154
16160
16170
16184
16190
16202
16207
16210
16211
16212
16216
16219
16224
16229
16230
16240
16269
16292
16335
16351
16392
16426
16434
16450
16453
16460
16499
16507
16515
16525
16533
16541
16546
16555
16572
16643
16677
16684
16704
16746
16752
16780
16786
16790
16824
16852
16865
16896
16937
16941
16965
17016
17054
17057
17070
17152
17156
17157
17174
17201
17216
17235
17242
17283
17289
17300
17322
17327
17328
17343
17348
17360
17361
17371
17381
17402
17412
17414
17453
17486
17494
17521
17554
17587
17608
17693
17695
17713
17736
17765
17785
17862
17875
17894
17944
17947
17959
17988
18071
18078
18146
18190
18193
18207
18224
18238
18253
18256
18282
18286
18353
18364
18371
18372
18379
18392
18395
18408
18410
18422
18428
18445
18460
18463
18491
18501
18503
18509
18541
18559
18589
18607
18608
18625
18649
18657
18661
18685
18696
18700
18711
18719
18749
18750
18778
18795
18796
18844
18865
18886
18896
18903
18905
18927
18947
18955
18958
18968
19000
19077
19078
19098
19123
19125
19148
19155
19179
19198
19204
19219
19223
19230
19271
19282
19286
19306
19308
19309
19325
19371
19388
19424
19441
19461
19485
19514
19526
19539
19559
19561
19562
19563
19575
19582
19618
19651
19659
19661
19688
19745
19762
19765
19785
19790
19818
19840
19855
19856
19873
19880
19883
19901
19941
19944
19978
19981
20009
20019
20023
20045
20047
20048
20087
20130
20169
20175
20184
20186
20192
20193
20195
20203
20208
20236
20253
20261
20299
20317
20324
20333
20342
20355
20391
20400
20403
20405
20421
20442
20462
20480
20497
20501
20524
20529
20533
20541
20542
20544
20563
20569
20592
20613
20624
20634
20648
20676
20688
20762
20775
20787
20792
20793
20819
20820
20854
20867
20889
20908
20911
20914
20915
20927
20957
20964
20965
20977
20988
21019
21032
21054
21055
21068
21086
21102
21131
21202
21228
21231
21273
21281
21315
21333
21345
21380
21416
21443
21467
21468
21521
21547
21560
21576
21579
21582
21591
21593
21601
21647
21669
21674
21678
21680
21697
21702
21707
21771
21789
21807
21841
21874
21908
21924
21925
21934
21940
21971
21972
21993
21995
21997
22013
22014
22016
22027
22031
22038
22051
22053
22088
22131
22134
22138
22141
22186
22187
22198
22216
22233
22239
22281
22296
22297
22324
22331
22412
22413
22417
22426
22433
22438
22441
22452
22459
22495
22509
22548
22588
22594
22705
22776
22852
22855
22866
22868
22874
22899
22943
22956
23008
23053
23061
23064
23074
23091
23105
23113
23119
23129
23133
23148
23153
23174
23199
23204
23209
23220
23223
23229
23239
23288
23318
23324
23333
23357
23396
23404
23433
23445
23470
23472
23478
23488
23500
23502
23505
23519
23523
23530
23537
23544
23547
23560
23563
23581
23587
23621
23677
23687
23715
23722
23734
23753
23768
23780
23782
23800
23806
23808
23837
23859
23867
23877
23886
23910
23921
23950
23966
24010
24016
24032
24055
24077
24084
24088
24106
24110
24117
24128
24131
24153
24163
24198
24210
24235
24244
24250
24258
24263
24272
24285
24297
24319
24328
24333
24340
24352
24356
24358
24366
24374
24423
24430
24434
24451
24528
24562
24581
24587
24613
24619
24636
24645
24647
24657
24674
24678
24689
24709
24728
24739
24762
24785
24789
24919
24941
24956
24972
24999
25068
25077
25085
25090
25098
25143
25150
25179
25186
25200
25202
25231
25252
25259
25279
25315
25320
25326
25356
25381
25412
25413
25417
25420
25433
25444
25446
25455
25460
25477
25493
25501
25509
25520
25522
25529
25541
25571
25572
25590
25591
25603
25608
25614
25623
25639
25673
25691
25700
25712
25751
25785
25787
25824
25830
25846
25857
25862
25870
25883
25890
25901
26000
26001
26002
26003
26010
26031
26033
26059
26061
26065
26096
26103
26107
26144
26150
26160
26168
26169
26198
26245
26263
26278
26344
26346
26348
26365
26374
26412
26413
26424
26432
26439
26473
26478
26496
26497
26524
26526
26540
26563
26572
26589
26591
26601
26610
26627
26663
26709
26718
26730
26740
26758
26782
26852
26877
26883
26895
26923
26957
27004
27025
27028
27048
27066
27071
27075
27118
27159
27172
27182
27206
27221
27224
27282
27306
27308
27330
27358
27366
27371
27386
27390
27393
27423
27426
27432
27447
27451
27468
27489
27493
27495
27502
27513
27522
27531
27533
27539
27540
27553
27554
27556
27577
27582
27603
27610
27617
27619
27626
27627
27647
27664
27677
27688
27697
27702
27703
27713
27719
27720
27729
27742
27758
27761
27781
27802
27812
27814
27817
27821
27845
27855
27856
27876
27891
27893
27895
27896
27900
27909
27923
27926
28010
28014
28022
28037
28041
28076
28081
28114
28137
28142
28145
28159
28184
28198
28206
28211
28216
28250
28257
28283
28290
28340
28354
28358
28368
28392
28397
28424
28438
28446
28454
28480
28494
28544
28561
28564
28570
28584
28585
28587
28627
28630
28685
28686
28689
28715
28727
28774
28781
28812
28814
28823
28852
28858
28867
28887
28893
28902
28917
28952
28961
28965
28976
29016
29036
29041
29087
29105
29107
29110
29112
29119
29129
29161
29189
29205
29218
29230
29234
29258
29283
29285
29311
29314
29353
29361
29362
29363
29425
29488
29492
29504
29519
29536
29554
29593
29602
29612
29650
29654
29660
29675
29687
29691
29697
29751
29759
29775
29781
29850
29863
29886
29913
29942
29969
29978
30000
30036
30071
30085
30102
30147
30158
30162
30228
30245
30265
30308
30324
30345
30364
30387
30391
30459
30536
30567
30573
30583
30594
30614
30685
30707
30710
30718
30741
30745
30757
30763
30765
30771
30783
30793
30804
30814
30838
30877
30892
30897
30932
30979
30987
31015
31032
31037
31043
31067
31070
31088
31091
31095
31113
31145
31186
31223
31233
31237
31246
31267
31280
31310
31338
31376
31424
31469
31479
31494
31513
31514
31519
31534
31609
31649
31670
31676
31714
31715
31732
31734
31736
31795
31807
31808
31825
31827
31833
31845
31871
31896
31919
31926
31933
31954
31985
31990
32004
32006
32026
32033
32039
32080
32090
32091
32096
32121
32122
32146
32159
32174
32176
32177
32193
32234
32280
32286
32296
32299
32300
32307
32333
32342
32343
32350
32392
32399
32410
32413
32454
32483
32493
32503
32505
32570
32577
32583
32593
32596
32609
32620
32627
32646
32705
32747
32751
32766
32790
32799
32814
32825
32832
32855
32864
32898
32939
32945
32974
32984
32991
33039
33059
33064
33086
33135
33155
33186
33208
33219
33266
33269
33308
33312
33316
33342
33347
33354
33357
33373
33386
33410
33416
33430
33436
33451
33468
33473
33536
33544
33547
33569
33596
33628
33631
33642
33726
33772
33780
33786
33807
33819
33823
33825
33864
33887
33919
33924
33938
33953
33981
33986
33989
33995
34034
34057
34089
34107
34131
34148
34155
34158
34165
34185
34230
34254
34290
34383
34384
34430
34434
34468
34499
34519
34557
34575
34606
34620
34628
34644
34664
34688
34701
34735
34744
34841
34846
34906
34908
34931
34960
34965
35011
35035
35119
35125
35151
35187
35200
35235
35256
35259
35263
35265
35267
35349
35401
35431
35458
35479
35499
35511
35531
35564
35590
35599
35617
35648
35703
35725
35738
35766
35818
35874
35880
35896
35928
35955
35979
35989
36026
36083
36127
36234
36268
36290
36331
36351
36377
36389
36415
36464
36512
36532
36618
36671
36747
36939
36991
37030
37033
37135
37157
37190
37196
37242
37307
37313
37404
37419
37437
37627
37736
37786
37826
37828
37851
37854
37934
38014
38051
38106
38133
38137
38140
38146
38179
38218
38242
38256
38291
38371
38375
38473
38478
38538
38549
38562
38613
38644
38704
38710
38786
38789
38808
38891
38912
38941
39133
39158
39163
39199
39253
39324
39326
39337
39362
39385
39401
39406
39408
39415
39443
39455
39493
39512
39517
39531
39567
39571
39580
39588
39633
39638
39670
39694
39729
39739
39812
39823
39834
39883
39902
39905
39910
39938
40021
40032
40037
40046
40071
40100
40114
40130
40140
40171
40193
40204
40225
40226
40234
40240
40248
40302
40307
40323
40325
40343
40404
40405
40427
40453
40461
40471
40483
40502
40546
40562
40565
40577
40584
40595
40596
40604
40608
40609
40620
40627
40638
40642
40647
40674
40678
40713
40718
40720
40721
40731
40734
40736
40747
40753
40785
40804
40816
40821
40830
40843
40859
40873
40895
40903
40915
40917
40920
40967
40980
40997
41000
41001
41020
41028
41035
41045
41060
41065
41078
41092
41097
41137
41177
41180
41189
41222
41236
41247
41266
41300
41314
41321
41329
41337
41368
41385
41389
41413
41440
41462
41465
41467
41477
41481
41504
41515
41523
41558
41561
41566
41572
41605
41660
41664
41681
41693
41768
41806
41809
41816
41832
41839
41845
41854
41857
41863
41871
41896
41909
41915
41934
41965
41966
41981
42034
42042
42043
42080
42085
42132
42133
42134
42167
42184
42188
42198
42214
42215
42225
42247
42278
42290
42298
42330
42370
42377
42379
42391
42393
42429
42443
42459
42502
42505
42515
42519
42571
42615
42617
42679
42707
42711
42714
42718
42746
42789
42793
42844
42856
42871
42887
42954
42958
42959
42975
42993
43023
43024
43047
43050
43058
43072
43077
43095
43103
43182
43203
43235
43332
43356
43363
43366
43384
43390
43417
43424
43426
43437
43445
43456
43473
43480
43487
43522
43544
43553
43560
43590
43599
43609
43620
43632
43683
43686
43710
43716
43717
43721
43729
43739
43743
43751
43761
43771
43789
43790
43794
43798
43799
43801
43807
43820
43829
43832
43843
43848
43855
43857
43867
43868
43876
43879
43902
43927
43943
43944
43945
43948
43963
43968
43971
43974
43977
43985
43988
43989
43990
43991
43994
43998
44001
44009
44017
44018
44021
44022
44029
44034
44037
44039
44044
44067
44079
44097
44107
44110
44111
44119
44131
44140
44141
44155
44157
44188
44194
44204
44224
44225
44234
44241
44244
44253
44264
44293
44304
44313
44319
44350
44363
44365
44380
44381
44419
44423
44431
44432
44450
44453
44476
44488
44499
44513
44529
44530
44540
44552
44559
44563
44573
44595
44610
44623
44627
44631
44645
44658
44665
44681
44690
44699
44708
44728
44736
44738
44770
44776
44804
44814
44836
44841
44846
44849
44861
44868
44872
44883
44885
44886
44910
44927
44934
44940
44947
44952
44962
44963
44967
44971
44977
44980
44986
45008
45019
45030
45035
45038
45039
45050
45055
45056
45089
45092
45094
45097
45112
45117
45126
45127
45133
45138
45140
45157
45158
45170
45171
45174
45184
45186
45187
45193
45204
45210
45217
45222
45227
45235
45238
45240
45246
45247
45249
45261
45264
45271
45272
45276
45281
45283
45285
45286
45293
45307
45310
45320
45324
45325
45364
45368
45371
45384
45386
45400
45418
45427
45433
45435
45440
45448
45454
45458
45464
45470
45496
45512
45531
45535
45548
45555
45577
45585
45590
45597
45602
45635
45637
45640
45644
45648
45662
45666
45677
45678
45690
45694
45697
45705
45711
45721
45728
45741
45752
45758
45773
45783
45791
45802
45815
45828
45839
45843
45875
45890
45901
45916
45924
45954
45975
45987
46006
46014
46018
46025
46039
46049
46052
46111
46119
46123
46135
46146
46154
46155
46184
46193
46208
46222
46225
46227
46236
46242
46247
46277
46281
46282
46287
46295
46319
46339
46357
46367
46378
46379
46381
46397
46431
46442
46447
46453
46454
46491
46493
46525
46546
46547
46568
46586
46587
46632
46649
46653
46657
46658
46660
46667
46676
46693
46699
46708
46712
46722
46731
46733
46738
46746
46765
46777
46808
46831
46844
46846
46850
46851
46852
46853
46866
46867
46869
46906
46907
46936
46956
46957
46974
46988
47005
47046
47062
47063
47069
47097
47103
47113
47121
47166
47171
47172
47192
47195
47205
47209
47214
47219
47221
47241
47255
47269
47270
47276
47296
47298
47309
47312
47314
47318
47347
47355
47356
47370
47375
47391
47418
47427
47455
47463
47464
47471
47477
47490
47504
47519
47528
47529
47549
47577
47583
47607
47677
47685
47704
47730
47745
47750
47759
47764
47768
47795
47820
47830
47872
47877
47880
47882
47886
47887
47888
47896
47916
47928
47950
47958
47960
47967
47981
47993
48019
48046
48048
48050
48055
48071
48087
48096
48099
48102
48119
48124
48153
48161
48166
48167
48175
48184
48188
48206
48258
48267
48312
48322
48327
48339
48424
48479
48481
48495
48496
48513
48514
48520
48525
48593
48624
48647
48657
48663
48671
48680
48686
48733
48743
48750
48807
48829
48838
48842
48855
48867
48878
48894
48900
48907
48910
48913
48918
48922
48923
48931
48993
48995
49004
49007
49019
49027
49039
49049
49052
49071
49074
49082
49085
49111
49125
49135
49138
49153
49156
49165
49203
49219
49234
49261
49264
49282
49285
49314
49318
49345
49346
49348
49374
49391
49395
49428
49446
49464
49469
49481
49495
49507
49522
49526
49533
49538
49557
49585
49591
49597
49603
49613
49633
49655
49659
49663
49670
49682
49692
49729
49761
49764
49767
49768
49772
49853
49866
49884
49930
49942
49973
49993
50006
50019
50031
50036
50055
50068
50101
50112
50123
50130
50133
50135
50173
50247
50254
50256
50259
50271
50288
50291
50321
50335
50363
50369
50371
50382
50384
50389
50396
50439
50449
50452
50454
50462
50476
50483
50500
50560
50570
50576
50627
50641
50655
50661
50671
50698
50699
50706
50715
50763
50790
50799
50822
50834
50865
50946
50954
50956
50973
50983
51040
51059
51072
51073
51094
51097
51100
51101
51111
51117
51118
51231
51257
51262
51314
51317
51327
51329
51330
51353
51362
51363
51371
51397
51457
51460
51471
51483
51531
51534
51598
51614
51615
51621
51676
51753
51804
51869
51870
51928
51930
51952
51959
51975
52092
52141
52180
52206
52257
52272
52281
52282
52286
52304
52315
52352
52355
52360
52361
52380
52384
52503
52526
52554
52566
52571
52612
52626
52657
52675
52686
52781
52865
52872
52876
52906
52914
52934
52955
52984
53020
53030
53048
53055
53086
53091
53132
53147
53160
53163
53197
53204
53217
53219
53225
53257
53269
53312
53323
53331
53360
53370
53378
53410
53447
53448
53450
53455
53457
53481
53486
53499
53576
53596
53607
53620
53671
53677
53714
53742
53753
53756
53759
53772
53775
53794
53821
53832
53846
53848
53865
53871
53905
53907
53928
53932
53934
53949
53965
53970
53980
54016
54036
54069
54090
54270
54275
54310
54356
54370
54387
54402
54453
54461
54467
54523
54556
54559
54565
54586
54600
54637
54652
54673
54675
54711
54713
54725
54741
54742
54746
54775
54867
54923
54930
54944
54945
54989
55000
55024
55104
55165
55169
55194
55207
55307
55322
55331
55333
55380
55397
55424
55430
55439
55494
55495
55499
55514
55515
55554
55577
55623
55636
55642
55657
55663
55696
55723
55738
55742
55768
55772
55778
55800
55817
55826
55835
55848
55854
55881
55906
55928
55958
55967
55968
55977
55988
56005
56009
56045
56071
56078
56088
56092
56112
56140
56142
56157
56168
56193
56201
56223
56235
56238
56254
56258
56270
56271
56289
56318
56321
56322
56340
56362
56371
56382
56401
56409
56425
56476
56502
56577
56581
56617
56626
56640
56650
56663
56675
56697
56706
56716
56776
56788
56826
56836
56844
56878
56895
56912
56959
56968
56987
57000
57019
57024
57034
57045
57066
57118
57134
57143
57151
57169
57198
57200
57207
57213
57225
57226
57237
57238
57250
57275
57305
57320
57339
57341
57355
57360
57362
57367
57388
57403
57415
57432
57451
57456
57477
57484
57500
57502
57503
57516
57553
57568
57574
57579
57581
57589
57637
57644
57652
57654
57655
57667
57668
57676
57677
57681
57682
57702
57727
57742
57753
57777
57778
57797
57809
57823
57825
57827
57845
57849
57850
57864
57869
57876
57886
57895
57898
57904
57920
57928
57929
57932
57935
57966
57967
57982
57997
58006
58008
58022
58024
58042
58046
58054
58059
58066
58067
58077
58079
58089
58107
58112
58115
58120
58123
58127
58140
58157
58166
58177
58179
58181
58191
58194
58196
58197
58210
58212
58225
58274
58279
58287
58293
58297
58300
58310
58316
58326
58327
58328
58337
58340
58353
58360
58363
58367
58376
58396
58400
58420
58425
58436
58470
58471
58472
58481
58483
58485
58488
58490
58492
58497
58507
58509
58535
58552
58553
58564
58566
58567
58575
58579
58586
58591
58596
58597
58605
58607
58620
58627
58636
58638
58648
58660
58666
58672
58676
58681
58693
58699
58718
58749
58752
58766
58773
58781
58791
58795
58801
58812
58820
58823
58825
58826
58827
58835
58844
58854
58856
58857
58865
58881
58891
58894
58899
58906
58908
58919
58921
58924
58950
58954
58957
58967
58984
58991
58992
59002
59016
59023
59027
59028
59035
59041
59050
59062
59071
59092
59093
59094
59103
59105
59109
59124
59126
59162
59168
59172
59173
59195
59211
59212
59222
59237
59244
59277
59283
59284
59285
59298
59299
59313
59344
59345
59349
59351
59355
59403
59418
59425
59427
59433
59447
59456
59457
59471
59480
59481
59483
59491
59524
59557
59589
59650
59670
59675
59697
59705
59708
59723
59735
59747
59748
59752
59754
59775
59795
59798
59804
59824
59842
59857
59865
59874
59902
59904
59911
59914
60025
60046
60063
60066
60070
60175
60197
60249
60270
60273
60296
60305
60356
60360
60411
60455
60463
60484
60488
60546
60549
60606
60622
60629
60630
60638
60648
60655
60669
60675
60707
60722
60732
60733
60743
60781
60818
60822
60825
60844
60901
60917
60928
60962
60994
61018
61030
61045
61066
61072
61111
61130
61148
61160
61177
61267
61275
61296
61316
61324
61365
61419
61490
61498
61519
61601
61642
61643
61649
61670
61752
61836
61852
61855
61874
61878
61911
62119
62179
62230
62263
62268
62304
62332
62431
62444
62457
62472
62476
62498
62521
62612
62720
62727
62730
62752
62812
62832
62839
62872
62913
62915
62967
63004
63012
63055
63066
63114
63149
63158
63211
63227
63317
63334
63367
63389
63417
63483
63492
63511
63551
63572
63593
63623
63630
63644
63758
63765
63792
63827
63833
63893
63909
63972
63976
63997
64008
64072
64109
64117
64127
64138
64141
64196
64224
64231
64254
64256
64260
64292
64517
64536
64708
64730
64740
64745
64763
64849
64922
64963
64980
65006
65118
65165
65183
65203
65208
65212
65215
65277
65295
65323
65352
65357
65381
65430
65438
65441
65454
65458
65489
65519
65534
65543
65544
65554
65580
65599
65603
65628
65647
65682
65704
65738
65759
65768
65780
65786
65809
65836
65916
65957
66031
66039
66042
66069
66135
66160
66176
66180
66181
66189
66198
66220
66221
66225
66228
66242
66272
66308
66322
66326
66369
66388
66421
66452
66483
66504
66525
66587
66591
66622
66629
66637
66653
66660
66663
66695
66727
66732
66751
66754
66758
66781
66788
66804
66826
66832
66871
66877
66902
66903
66909
66916
66938
66949
66962
66966
66981
66991
67002
67003
67040
67056
67078
67080
67090
67095
67119
67127
67129
67163
67185
67190
67221
67222
67237
67270
67282
67295
67303
67334
67345
67348
67371
67375
67380
67395
67419
67421
67422
67440
67442
67453
67464
67471
67496
67510
67531
67569
67580
67582
67600
67612
67619
67636
67638
67654
67674
67680
67715
67749
67750
67755
67757
67815
67837
67838
67848
67849
67870
67879
67883
67884
67921
67983
67989
68007
68031
68137
68146
68209
68224
68277
68294
68307
68335
68448
68455
68489
68565
68622
68671
68680
68700
68766
68778
68923
69058
69059
69082
69164
69238
69325
69374
69450
69534
69601
69609
69648
69720
69752
69767
69786
69797
69824
69828
69850
69869
69871
69912
70019
70073
70126
70186
70219
70248
70289
70306
70353
70364
70401
70410
70423
70577
70632
70637
70653
70755
70972
70994
71008
71055
71072
71083
71085
71121
71148
71157
71213
71214
71306
71342
71458
71467
71516
71568
71696
71729
71747
71770
71819
71864
72030
72082
72167
72229
72240
72302
72318
72349
72377
72404
72414
72429
72442
72474
72487
72488
72616
72691
72697
72733
72739
72759
72804
72810
72819
72828
72847
72851
72862
72889
72891
72893
72943
72948
73008
73018
73029
73116
73142
73151
73155
73196
73223
73227
73243
73247
73267
73309
73323
73324
73331
73333
73336
73350
73360
73412
73438
73445
73450
73461
73466
73472
73479
73488
73512
73515
73555
73558
73607
73620
73675
73704
73731
73733
73746
73748
73845
73889
73897
73920
73924
73926
73936
73949
73980
73987
74088
74114
74115
74165
74185
74227
74241
74262
74275
74318
74398
74399
74401
74409
74446
74447
74456
74472
74477
74502
74520
74533
74539
74547
74557
74564
74568
74577
74617
74631
74637
74642
74645
74668
74671
74673
74701
74724
74737
74762
74764
74771
74802
74807
74808
74813
74826
74833
74837
74864
74866
74881
74891
74899
74902
74912
74933
74977
74979
74990
75013
75015
75043
75057
75087
75089
75092
75096
75103
75107
75117
75121
75150
75155
75158
75159
75163
75177
75188
75193
75235
75250
75252
75253
75267
75296
75309
75311
75318
75350
75355
75365
75367
75380
75381
75382
75386
75387
75400
75415
75419
75424
75436
75443
75444
75445
75446
75473
75474
75475
75485
75487
75502
75503
75512
75520
75538
75542
75554
75567
75575
75598
75602
75606
75619
75623
75637
75639
75641
75643
75646
75647
75654
75659
75662
75663
75666
75679
75680
75681
75697
75704
75716
75725
75726
75735
75750
75792
75796
75801
75802
75815
75826
75827
75863
75864
75881
75891
75907
75933
75934
75959
76008
76015
76019
76022
76031
76032
76034
76060
76062
76063
76074
76096
76104
76143
76154
76161
76163
76174
76176
76178
76187
76202
76232
76233
76253
76261
76262
76283
76284
76317
76319
76321
76330
76337
76351
76353
76356
76358
76365
76395
76412
76435
76436
76449
76450
76455
76457
76472
76488
76501
76515
76529
76552
76559
76563
76564
76568
76623
76632
76636
76637
76646
76653
76667
76672
76682
76740
76751
76762
76782
76793
76862
76869
76876
76882
76900
76907
76914
76915
76929
76933
76939
76953
76972
76974
76998
77038
77044
77046
77062
77070
77105
77107
77136
77146
77171
77177
77180
77191
77207
77212
77236
77240
77241
77246
77249
77254
77295
77305
77310
77355
77377
77385
77393
77448
77467
77495
77504
77514
77517
77525
77552
77599
77614
77628
77636
77658
77670
77685
77691
77770
77794
77799
77835
77872
77878
77879
77884
77897
77913
77918
77926
77961
77968
77973
78006
78026
78046
78083
78095
78096
78097
78136
78154
78170
78183
78187
78244
78273
78287
78288
78310
78320
78346
78355
78419
78421
78453
78456
78474
78536
78537
78563
78587
78595
78638
78659
78675
78680
78720
78723
78730
78745
78777
78793
78794
78803
78824
78825
78836
78838
78877
78908
78936
78945
79007
79097
79167
79195
79206
79207
79210
79226
79254
79325
79328
79391
79404
79405
79412
79419
79439
79464
79465
79499
79515
79534
79548
79584
79602
79671
79687
79712
79719
79744
79752
79760
79762
79808
79819
79833
79843
79852
79874
79895
79905
79918
79939
79979
80008
80020
80047
80077
80097
80099
80126
80140
80147
80149
80159
80185
80246
80280
80322
80328
80354
80380
80393
80398
80400
80409
80414
80433
80436
80444
80458
80463
80469
80470
80472
80473
80479
80496
80504
80517
80518
80545
80551
80553
80556
80574
80579
80605
80615
80618
80638
80647
80652
80663
80670
80676
80686
80705
80706
80711
80712
80723
80733
80752
80764
80780
80786
80791
80799
80811
80818
80819
80831
80837
80842
80850
80859
80878
80885
80892
80893
80903
80909
80913
80915
80919
80937
80943
80944
80946
80972
80973
80983
81015
81033
81035
81051
81082
81090
81139
81149
81163
81169
81189
81211
81216
81218
81251
81260
81266
81286
81319
81321
81327
81339
81352
81357
81363
81365
81383
81407
81428
81433
81435
81436
81461
81468
81473
81491
81494
81499
81511
81514
81538
81551
81571
81582
81611
81614
81623
81630
81633
81641
81657
81658
81664
81680
81681
81704
81712
81716
81741
81750
81760
81803
81804
81822
81852
81859
81878
81892
81894
81908
81938
81943
81947
81955
81972
82003
82005
82037
82040
82041
82042
82062
82074
82091
82100
82102
82109
82124
82126
82131
82171
82203
82211
82231
82254
82265
82277
82315
82331
82353
82356
82374
82388
82389
82398
82413
82428
82433
82467
82496
82498
82511
82547
82548
82559
82560
82567
82575
82580
82601
82618
82634
82646
82647
82664
82667
82709
82747
82762
82774
82789
82796
82823
82845
82848
82871
82891
82906
82915
82917
82918
82919
82932
82987
83005
83018
83024
83026
83044
83072
83077
83116
83122
83128
83135
83139
83155
83159
83163
83167
83175
83176
83191
83207
83211
83242
83251
83253
83258
83279
83285
83310
83311
83339
83340
83363
83364
83370
83391
83431
83435
83441
83459
83482
83538
83552
83587
83593
83606
83607
83610
83635
83642
83644
83658
83662
83671
83674
83679
83692
83721
83724
83730
83734
83745
83762
83765
83768
83815
83821
83835
83849
83852
83855
83857
83873
83877
83883
83908
83910
83920
83936
83963
84000
84001
84010
84027
84034
84040
84049
84053
84065
84069
84105
84113
84115
84118
84134
84135
84136
84139
84147
84179
84180
84200
84210
84220
84244
84265
84266
84272
84274
84283
84286
84289
84307
84326
84340
84347
84354
84359
84360
84375
84404
84407
84418
84436
84443
84444
84459
84463
84464
84473
84494
84500
84523
84531
84533
84541
84544
84567
84575
84579
84590
84606
84632
84654
84664
84665
84671
84678
84680
84684
84691
84710
84720
84752
84770
84773
84784
84785
84788
84792
84802
84805
84807
84813
84818
84820
84822
84831
84834
84861
84863
84883
84894
84902
84907
84926
84932
84935
84945
84948
84954
84965
84968
84979
84990
85049
85051
85059
85084
85087
85094
85122
85141
85156
85157
85161
85185
85192
85196
85205
85225
85228
85233
85242
85274
85283
85289
85309
85335
85362
85366
85389
85399
85401
85409
85411
85429
85457
85465
85466
85468
85472
85491
85494
85525
85532
85566
85568
85587
85591
85594
85604
85614
85646
85651
85669
85683
85685
85693
85717
85729
85730
85745
85765
85773
85775
85778
85787
85791
85799
85811
85812
85820
85824
85833
85835
85845
85898
85919
85925
85926
85930
85931
85981
85990
86029
86078
86081
86082
86093
86105
86126
86127
86148
86165
86176
86179
86189
86216
86224
86230
86240
86246
86258
86275
86283
86313
86327
86341
86366
86382
86398
86414
86418
86421
86468
86522
86528
86541
86542
86551
86557
86575
86613
86669
86706
86708
86712
86714
86728
86743
86748
86798
86822
86841
86843
86885
86886
86891
86956
86999
87017
87022
87037
87044
87049
87060
87064
87068
87073
87082
87093
87105
87132
87149
87161
87168
87169
87186
87206
87214
87230
87240
87266
87267
87279
87280
87286
87287
87294
87301
87325
87386
87413
87422
87425
87460
87462
87464
87472
87511
87524
87556
87561
87624
87676
87739
87780
87801
87817
87879
87907
87924
88012
88019
88023
88028
88029
88042
88043
88048
88050
88052
88059
88072
88079
88102
88130
88152
88153
88173
88183
88191
88194
88196
88199
88203
88204
88240
88322
88338
88361
88470
88476
88550
88726
88733
88799
88888
88923
88934
88943
88956
89021
89059
89111
89221
89320
89513
89537
89571
89575
89724
89737
89814
89975
90037
90177
90269
90441
90448
90509
90837
91000
91019
91342
91371
91487
91551
91562
91586
91883
91920
91928
92021
92074
92114
92181
92342
92721
92784
92920
92928
93143
93279
93521
93522
93587
93657
93711
93849
93936
93976
94007
94051
94063
94081
94085
94253
94277
94280
94332
94336
94345
94361
94380
94411
94474
94511
94941
94944
94959
94992
94996
95005
95015
95018
95025
95048
95091
95229
95246
95348
95362
95386
95394
95429
95437
95448
95497
95502
95524
95541
95556
95588
95636
95676
95714
95763
95835
95866
95869
96021
96079
96103
96107
96161
96191
96193
96203
96249
96325
96349
96410
96446
96449
96457
96458
96465
96469
96479
96512
96585
96587
96592
96607
96620
96626
96634
96671
96682
96703
96706
96715
96768
96811
96872
96885
96895
96903
96915
96942
96985
96986
97019
97038
97065
97068
97078
97090
97107
97108
97139
97159
97178
97188
97194
97198
97202
97226
97242
97258
97265
97268
97368
97394
97400
97404
97516
97519
97523
97537
97546
97548
97558
97559
97575
97577
97605
97612
97640
97662
97666
97712
97723
97759
97767
97793
97863
97898
97911
97923
97982
97989
98006
98018
98028
98045
98067
98097
98109
98110
98158
98185
98190
98191
98207
98209
98219
98226
98255
98332
98360
98362
98367
98378
98406
98409
98413
98449
98456
98473
98504
98533
98534
98545
98555
98558
98586
98606
98624
98653
98676
98686
98691
98709
98721
98739
98756
98778
98790
98831
98878
98889
98897
98913
98919
98923
98933
98941
98979
98980
98989
98997
99006
99012
99027
99037
99069
99112
99120
99154
99158
99202
99222
99254
99257
99263
99290
99301
99306
99325
99331
99332
99335
99342
99344
99389
99397
99439
99448
99460
99461
99521
99523
99525
99540
99545
99559
99570
99608
99609
99619
99634
99702
99706
99722
99751
99778
99786
99800
99818
99827
99886
99891
99907
99913
99934
99941
99943
99947
99963
99998
100017
100031
100050
100091
100133
100169
100183
100191
100193
100281
100295
100299
100324
100326
100343
100366
100374
100376
100379
100381
100402
100419
100428
100430
100437
100449
100455
100469
100506
100515
100518
100531
100553
100561
100562
100575
100621
100622
100654
100655
100701
100760
100770
100772
100775
100796
100813
100820
100851
100854
100900
100911
100915
100941
100963
100969
100977
100981
100988
101004
101021
101036
101069
101076
101086
101089
101108
101115
101130
101145
101146
101167
101173
101233
101237
101256
101270
101286
101307
101315
101327
101328
101336
101344
101349
101396
101408
101409
101443
101444
101445
101485
101489
101492
101512
101532
101552
101558
101564
101567
101568
101582
101585
101601
101609
101611
101634
101678
101693
101800
101805
101824
101840
101847
101870
101887
101888
101889
101918
101971
101988
101991
102003
102027
102051
102057
102061
102075
102092
102096
102110
102125
102160
102182
102185
102196
102208
102223
102240
102254
102262
102274
102279
102280
102351
102359
102423
102424
102463
102469
102475
102476
102480
102501
102504
102518
102523
102563
102579
102581
102600
102623
102626
102687
102689
102694
102721
102723
102735
102746
102759
102794
102845
102849
102855
102864
102868
102885
102893
102897
102904
102917
102928
102957
102960
102971
102985
103006
103009
103013
103022
103030
103048
103069
103072
103104
103106
103118
103121
103129
103139
103156
103167
103188
103197
103200
103220
103240
103256
103257
103262
103269
103273
103284
103294
103296
103327
103335
103345
103359
103390
103403
103415
103416
103442
103445
103449
103450
103453
103454
103469
103470
103479
103488
103498
103510
103515
103542
103558
103609
103617
103623
103630
103631
103636
103640
103656
103672
103701
103704
103711
103718
103720
103743
103751
103762
103768
103772
103774
103777
103785
103826
103834
103852
103861
103876
103916
103942
103952
103955
103976
104016
104019
104025
104037
104038
104044
104048
104050
104052
104053
104058
104074
104092
104110
104115
104121
104127
104151
104168
104189
104218
104245
104265
104271
104289
104306
104313
104316
104322
104329
104337
104344
104387
104388
104392
104411
104420
104430
104440
104485
104491
104499
104516
104523
104526
104530
104534
104543
104553
104554
104568
104578
104611
104640
104646
104650
104651
104659
104720
104728
104731
104736
104747
104780
104807
104821
104823
104827
104836
104837
104838
104852
104889
104893
104949
104967
105031
105036
105071
105080
105121
105134
105145
105146
105167
105169
105180
105245
105249
105314
105318
105348
105362
105369
105385
105414
105437
105439
105440
105479
105480
105485
105487
105513
105542
105549
105554
105575
105585
105635
105638
105666
105673
105683
105713
105730
105738
105772
105822
105830
105836
105885
105889
105915
105953
105972
105979
105983
105998
106011
106049
106055
106061
106075
106087
106104
106111
106115
106118
106142
106165
106180
106190
106194
106206
106207
106236
106241
106249
106251
106283
106304
106305
106323
106361
106396
106398
106409
106440
106442
106449
106464
106472
106518
106550
106551
106566
106606
106610
106613
106614
106676
106763
106783
106801
106802
106813
106816
106891
106893
106921
106922
106925
106926
106929
106971
106984
107006
107015
107033
107083
107147
107152
107171
107200
107211
107213
107216
107219
107226
107235
107236
107244
107258
107264
107270
107285
107297
107303
107312
107320
107321
107348
107351
107374
107380
107393
107421
107468
107476
107483
107497
107524
107532
107533
107543
107554
107563
107565
107566
107602
107626
107627
107634
107650
107670
107673
107690
107697
107710
107775
107779
107783
107788
107799
107822
107826
107851
107852
107887
107891
107893
107927
107940
107942
107944
107960
107976
108001
108035
108036
108038
108060
108071
108113
108114
108124
108156
108159
108173
108190
108200
108230
108241
108272
108273
108276
108277
108305
108311
108341
108342
108354
108362
108376
108387
108409
108432
108446
108450
108466
108472
108485
108487
108493
108510
108513
108527
108545
108557
108559
108567
108570
108598
108604
108615
108626
108636
108692
108706
108742
108759
108761
108781
108802
108826
108832
108856
108860
108902
108925
108948
108962
108964
108993
108999
109008
109028
109045
109048
109070
109094
109108
109113
109114
109131
109170
109195
109216
109218
109250
109251
109284
109305
109311
109318
109323
109367
109428
109462
109535
109542
109552
109560
109573
109611
109639
109656
109670
109673
109702
109760
109763
109800
109814
109828
109877
109919
109925
109933
109950
110036
110051
110061
110074
110084
110111
110126
110133
110135
110194
110219
110230
110247
110268
110331
110361
110373
110416
110424
110432
110468
110469
110481
110490
110496
110611
110617
110624
110638
110643
110719
110798
110809
110843
110887
110907
110911
110979
111014
111016
111033
111058
111087
111107
111170
111182
111200
111204
111208
111222
111246
111264
111275
111285
111299
111320
111341
111343
111352
111361
111364
111366
111390
111397
111432
111458
111485
111514
111545
111553
111599
111632
111668
111738
111749
111765
111768
111802
111857
111888
111895
111898
111926
111981
111988
112026
112035
112039
112047
112050
112062
112092
112148
112151
112159
112164
112166
112206
112230
112232
112233
112257
112276
112284
112290
112295
112298
112315
112346
112349
112392
112398
112439
112456
112467
112491
112506
112521
112538
112578
112579
112585
112593
112594
112608
112620
112636
112717
112795
112808
112813
112867
112882
112913
112951
112952
112963
112976
112981
112993
113032
113040
113066
113073
113074
113202
113214
113273
113315
113345
113352
113382
113395
113400
113403
113409
113411
113426
113438
113471
113473
113503
113521
113527
113548
113554
113585
113599
113645
113652
113667
113682
113691
113726
113738
113747
113821
113886
113887
113922
113941
113949
113966
114034
114053
114054
114063
114092
114105
114116
114120
114131
114149
114159
114220
114226
114238
114250
114272
114311
114337
114346
114347
114348
114413
114451
114474
114547
114584
114605
114667
114684
114724
114757
114771
114792
114811
114845
114846
114872
114884
114906
114927
114941
114945
114948
114950
114993
115021
115030
115032
115053
115059
115088
115102
115106
115163
115164
115171
115196
115203
115210
115215
115257
115262
115273
115288
115296
115313
115331
115340
115435
115461
115476
115488
115546
115554
115566
115581
115590
115633
115656
115660
115684
115719
115764
115797
115814
115858
115880
115882
115887
115947
115991
116012
116046
116063
116105
116117
116124
116153
116256
116285
116320
116337
116351
116374
116394
116408
116412
116416
116423
116489
116539
116596
116645
116666
116676
116702
116723
116729
116730
116747
116779
116834
116845
116862
116864
116907
116913
116929
116951
116953
116998
117027
117036
117056
117115
117213
117248
117291
117313
117314
117324
117329
117333
117341
117348
117353
117354
117369
117422
117440
117441
117447
117457
117469
117521
117576
117621
117655
117675
117702
117740
117744
117760
117765
117793
117850
117852
117901
117924
117953
118006
118007
118017
118018
118019
118047
118054
118099
118246
118266
118274
118333
118334
118362
118397
118401
118424
118459
118460
118465
118467
118470
118477
118491
118616
118627
118778
118783
118814
118838
118874
118881
118908
118931
118937
119099
119105
119139
119172
119175
119201
119253
119261
119268
119271
119283
119288
119352
119399
119424
119429
119442
119479
119504
119533
119587
119669
119715
119777
119781
119801
119847
119862
119937
119942
119964
119971
119977
119978
119981
120017
120037
120075
120079
120081
120104
120169
120241
120277
120280
120330
120344
120375
120396
120405
120458
120506
120508
120517
120578
120580
120620
120622
120702
120723
120731
120761
120778
120855
120860
120883
120963
120976
120988
120989
121045
121085
121096
121098
121116
121125
121155
121203
121232
121234
121237
121252
121253
121376
121385
121400
121422
121432
121525
121556
121569
121594
121626
121672
121710
121805
121816
121827
121837
121849
121855
121872
121904
121937
121959
121977
121981
121982
121993
121999
122002
122080
122131
122137
122181
122190
122241
122253
122254
122255
122267
122280
122310
122319
122321
122322
122382
122388
122420
122427
122435
122461
122517
122525
122530
122531
122550
122577
122623
122639
122651
122652
122667
122697
122703
122712
122735
122763
122862
122863
122895
122942
122996
123005
123008
123061
123110
123118
123127
123133
123183
123203
123205
123233
123260
123262
123263
123265
123288
123311
123314
123327
123343
123349
123359
123386
123401
123488
123513
123520
123572
123604
123619
123627
123634
123644
123670
123739
123747
123760
123772
123788
123790
123797
123804
123814
123880
123949
123957
123959
123964
123977
123980
123988
124013
124030
124034
124078
124079
124150
124170
124217
124220
124263
124275
124284
124292
124344
124346
124357
124392
124438
124459
124483
124484
124493
124512
124530
124575
124598
124610
124620
124635
124637
124654
124667
124678
124682
124684
124701
124715
124719
124722
124775
124779
124788
124803
124830
124844
124876
124890
124891
124892
124942
124957
124973
124982
124996
125008
125048
125050
125069
125079
125112
125115
125132
125133
125139
125160
125166
125189
125199
125222
125246
125294
125296
125307
125319
125363
125381
125383
125393
125411
125501
125549
125555
125633
125649
125655
125674
125676
125728
125743
125745
125746
125774
125778
125802
125807
125817
125818
125853
125880
125937
125964
125978
125998
126059
126097
126132
126142
126156
126168
126217
126271
126298
126369
126376
126421
126464
126484
126514
126611
126653
126689
126729
126776
126791
126926
126958
126969
127057
127207
127342
127349
127366
127438
127471
127508
127519
127552
127563
127594
127664
127670
127686
127703
127720
127726
127762
127836
127840
127842
127871
127903
127909
127928
127929
127930
127934
127955
127958
127997
127998
128015
128027
128065
128068
128073
128075
128091
128121
128127
128128
128148
128150
128229
128241
128265
128267
128269
128280
128282
128288
128308
128326
128330
128340
128379
128392
128419
128443
128497
128498
128511
128568
128599
128627
128630
128633
128695
128696
128730
128764
128790
128813
128821
128826
128889
128891
128961
128993
128994
129016
129021
129026
129032
129081
129107
129114
129149
129155
129178
129189
129209
129223
129244
129280
129307
129351
129352
129374
129408
129437
129456
129487
129497
129505
129509
129531
129568
129612
129615
129617
129650
129703
129704
129708
129746
129752
129775
129816
129833
129834
129853
129877
129902
129915
129947
129960
129992
129998
130004
130021
130024
130053
130063
130102
130105
130123
130143
130155
130169
130173
130206
130226
130227
130233
130291
130376
130411
130415
130418
130447
130542
130587
130600
130612
130616
130699
130706
130753
130792
130830
130850
130893
130917
130986
130987
131279
131308
131378
131415
131495
131591
131672
131760
131836
131891
131953
131965
131997
132034
132164
132171
132191
132209
132272
132273
132279
132336
132378
132474
132475
132479
132480
132498
132516
132555
132661
132693
132729
132741
132752
132813
132841
132846
