114913
116435
18771
121246
68256
12869
35764
72833
2556
35200
23654
89439
125769
66255
106433
23378
7170
994
105143
124325
33143
73947
112459
123714
61548
105447
74529
87329
86550
107455
99757
3764
115924
5351
11988
57496
41288
132406
7556
81889
127954
60262
9585
109153
124778
65149
85462
75506
109074
106107
109004
88510
87804
20123
130740
49254
1407
78756
96816
33104
100503
94665
33417
93280
110488
2796
47945
17285
33372
31874
123789
55751
80202
23328
70911
46641
121479
31132
82916
63189
32973
106352
48233
73400
123743
44475
28043
45548
56881
88620
83904
3949
46780
75770
129466
87563
42299
70940
51977
44755
22605
101188
107914
125141
30613
76398
5519
86188
87957
99563
42593
12917
45866
121578
19245
109799
119417
131418
8996
50093
13657
122112
131970
87388
24778
96344
122830
124290
58709
32384
49017
65937
28958
31434
86760
34117
115205
81128
64120
112787
113480
111299
8499
39703
44313
70255
98344
11186
66896
71379
50246
10560
4010
13443
56332
76672
56216
17021
104007
14588
131502
47278
33017
32724
12701
19414
3774
80168
83592
116720
30574
45646
128157
122503
11683
54586
84555
103659
80989
131955
13361
46996
17327
20980
87222
24111
64971
23605
4683
13702
104975
102852
64034
49804
101578
49057
41154
69039
85627
105680
85225
50240
67778
46005
45158
79969
117298
74593
81989
118371
27169
39252
58365
30183
109927
30668
106379
22061
102312
42920
43179
122266
63252
13165
13981
5897
8442
1812
32846
43260
70135
34429
76520
108663
28265
108894
68849
114345
35072
66742
9098
35216
77447
3605
18156
100899
54782
111806
100144
51679
2764
98566
77974
30321
75409
83774
96808
82737
47450
128265
35522
24210
71660
100829
12107
35353
44144
90067
17229
95773
11054
22240
67342
24168
28883
132643
123848
7123
92142
105181
3652
30792
5090
71853
117009
71384
80564
29825
108823
5532
45288
108629
16455
83012
82090
40401
128780
93172
58177
81638
7560
48117
545
122896
76927
131725
48714
27389
85232
76400
85425
59060
132546
22910
24584
33023
56437
112718
11031
132901
46273
51386
21248
109377
7858
109147
81006
23921
77372
24468
37268
56634
1797
122173
109595
13264
35762
25824
86305
44851
124432
122700
6750
97985
103683
105395
30149
119936
64544
61033
39851
93218
76337
2202
90733
86035
23244
19324
130888
22304
4098
68757
114741
122188
25007
39832
129689
5433
111208
117127
11982
101422
46513
51414
100863
14583
132481
74685
50957
76575
42598
43160
26962
97470
45108
53881
48494
45339
61529
23104
11432
17948
102725
128017
107916
132088
125532
6794
21147
109839
52122
82041
65264
17698
34026
27327
121909
4045
8915
114722
61185
68646
53913
19935
35617
128890
27518
25308
118987
33679
96651
94559
82489
119269
20517
58535
22672
94894
1491
121140
129881
125660
80822
45
95176
15665
67539
89284
92396
9077
36580
102675
88436
108942
45686
103740
86567
124362
6759
40457
119346
126
68319
56023
60758
43697
45931
33618
2634
41862
31664
108492
40688
20283
44747
75880
78963
20814
31795
122000
83134
55943
89578
126264
122262
68350
91676
72506
53529
118494
78699
92165
89970
3775
101979
1040
16909
18261
79891
59244
69686
18941
12853
46202
87371
67268
36993
110572
32466
34912
79057
123769
120285
40535
41957
125109
34129
84867
53706
129075
71586
35708
55073
95927
69430
31685
57119
23624
114353
100781
49784
60148
17070
64213
112796
96194
1375
131152
25470
18629
39005
16248
47821
48746
65101
63993
14870
91310
86317
88596
46127
20046
18716
102247
68625
80469
32244
97810
68986
123371
55545
108204
29352
92270
17455
8783
53699
84054
114056
6835
92152
48103
111080
98295
47029
61358
102492
106482
50112
52883
96036
36389
33954
95645
82718
24607
21895
65898
119822
123868
80592
132785
67446
110191
17556
105974
99043
117549
104760
30418
61456
11763
23524
12793
90068
33777
32311
56898
23287
5567
100330
102963
89910
105242
41083
108543
117306
2573
121410
114592
83044
58080
60196
71547
41931
30011
80853
98470
104810
102960
98217
77170
102641
92127
12613
75672
42479
74122
65568
104741
21348
129483
122712
73380
2444
116076
117802
86450
98560
30738
72583
106049
3170
51355
46007
117075
71153
75641
115620
59472
132694
22664
6528
27154
46732
70457
29835
37289
83445
23806
39251
11304
34603
66870
40447
106481
65693
52187
42327
130246
52294
3794
13948
19944
77266
51962
80841
6493
118551
56983
49380
8017
114144
57989
130815
106307
69789
67368
32629
52198
15370
1436
124665
36286
45563
19831
57171
66739
121955
50422
76176
27210
58783
14609
6456
112802
46593
43511
26555
15315
124405
70974
93734
126020
97307
28476
52512
93306
108490
12841
33982
15074
5155
112629
44024
22762
34681
23971
91504
70213
120857
112887
25829
71296
61867
55341
22481
67282
103289
86341
118730
11916
98996
6664
8415
124297
34484
24713
93698
112910
82109
117088
132309
39598
39092
70163
90698
10307
107127
103396
83165
121511
10417
103231
120234
130179
13982
111048
129597
38690
99283
1292
6003
108105
8616
61424
95007
94142
16244
38435
111155
64806
52264
70728
35537
118788
28081
116834
13415
90109
79250
32977
118317
106215
99204
3620
9381
11369
103905
44777
90648
26917
123988
53443
28954
73240
12298
86474
29379
67845
108902
39811
15850
128914
117446
119979
57506
55102
61254
8873
106695
48434
89822
2875
51944
26201
58400
72621
64366
91646
53427
33438
17785
4919
38546
118332
69682
44828
124742
108615
104986
87942
131664
79332
76109
102526
122320
100599
56651
86516
20248
123444
78783
21944
117842
71405
124046
104479
129110
108291
57352
57292
58897
22653
10174
31726
89003
92071
65985
36737
14024
1376
10222
49586
97773
53050
13694
82933
119412
27650
12673
57712
17305
90033
59291
73765
34461
32731
121076
41942
72808
96049
27428
10160
124473
91074
131681
41072
27740
17407
9931
42941
33709
41273
10155
95998
84333
120871
42720
84210
111323
81727
20684
88452
59763
46051
33049
38565
10303
109276
78501
49670
97978
129396
55241
46722
73348
129658
30723
39446
35408
5237
109526
41061
86382
122857
119400
67180
31411
101469
72175
80641
103119
25640
90150
79163
107109
12503
109658
45639
87967
131352
119349
66975
94256
103089
3595
7881
87598
42868
99649
38007
8663
62267
109923
27024
1738
29873
29858
92904
22624
127468
125915
124037
17888
120726
105724
76091
50319
44008
26769
103273
3250
64963
91011
36022
109950
30412
26677
90660
82512
108516
33349
122038
66480
110235
3354
98538
59000
119685
75707
100606
132477
29266
79298
71370
50867
21339
3007
121128
97909
23437
51953
112137
77581
2614
25019
4432
93362
52529
99731
65647
16966
59440
20354
3159
96050
101473
91754
50367
32710
62753
116836
7649
99104
21802
17750
130059
16945
62817
112681
29711
65454
27691
107178
78414
17238
70491
11012
106899
56709
124827
15599
4737
109057
84536
55648
30399
108013
34868
27402
28454
103051
117103
126860
63411
124999
113987
7338
131488
2303
25817
132645
18816
38284
132811
91501
45004
116674
82236
44082
82687
84320
46647
65736
58803
46888
16656
61821
97728
29691
128977
44140
108666
33712
51563
102240
105168
40494
96351
119742
91776
1155
114066
3856
66502
156
19954
35100
119277
29310
48410
99985
129873
82400
90269
17588
102979
38483
92370
89224
22670
17462
64298
17059
119034
12062
3022
73538
66534
40857
112974
115120
52666
40427
120439
31648
11461
104202
128738
74065
56071
125419
79101
55687
118899
16687
102176
68662
127773
104702
78264
74998
78746
110879
96914
95844
110919
52089
117943
105766
5605
77191
130048
3392
43154
84152
48100
97139
71199
27714
99161
5748
93348
106580
63551
51446
63279
25866
89923
97966
34516
74480
10128
114438
87591
35564
127979
52413
90479
94400
12803
93344
32747
17586
30211
17687
25359
47974
105353
31102
76809
118101
115380
75680
19577
5146
104144
24544
88195
66181
46965
53138
112739
29703
835
101900
5525
123187
36597
62788
10960
35227
63138
43600
48987
45791
18508
111179
11948
99611
34294
3591
121822
97779
105803
71911
93124
118964
5698
40140
26941
25732
95666
59408
28732
101415
44664
122839
99647
37814
71875
130895
95113
111865
53949
62144
26816
116509
99732
79601
85786
66358
18765
131384
47992
80492
31206
88745
21981
4786
96487
39897
124967
78705
19003
100186
118831
79518
83669
32882
16213
101381
76115
425
56401
85594
68867
93452
127852
110493
119004
62029
88279
73815
129343
86651
99554
89016
96928
81674
114050
125231
91039
100858
75236
95833
129235
131326
128239
58159
59867
37061
115252
117374
119942
18756
78065
59976
115186
59229
44918
119592
112090
100728
93787
89261
83824
16005
38441
38502
31494
32407
119209
104970
50375
65646
91255
105122
32129
78289
76529
73256
52674
1531
34258
2231
91568
65706
61030
18539
69704
90039
64339
38596
49582
79666
74150
54813
49203
123827
107246
126518
32347
52592
117099
14510
79539
18848
130268
70149
39914
120998
86799
12268
110628
16013
114235
130641
51684
1038
64966
95086
43630
44262
94031
11447
114996
6061
57381
46390
72695
95422
11360
13932
115304
29790
28285
19949
129540
57738
30555
108882
70335
29479
93811
75511
124077
84942
108372
93007
109443
75717
33110
5794
52809
83486
56117
111190
42717
95418
59812
50850
32887
61997
56529
113992
9720
21238
119635
14533
91798
68140
70120
5406
16378
110855
129784
21502
9898
84123
17221
24684
12476
15842
20813
66613
7097
8946
19918
68436
57190
96545
81470
67407
114963
29917
117763
11037
58743
56603
37405
50501
98120
101185
125207
131088
22997
86237
12934
131506
113897
15015
109661
87833
113479
17893
128991
77904
34195
5979
51035
72847
109184
68437
73542
89750
56183
121060
81977
17207
68040
118599
58280
107055
47643
115266
21654
72923
47184
37778
35272
132400
28941
34001
44804
38043
16970
15660
93552
32253
67609
8578
51674
7973
33517
120228
26040
28133
34557
24699
18181
12442
127512
7962
102950
120431
42404
69432
35090
50852
57844
18234
3666
127522
76384
123089
31912
882
40388
93624
88704
132356
57062
22748
25524
95162
116695
113918
74168
42514
80638
121155
118810
43974
85061
82704
86013
36982
116414
89200
93359
44032
44163
24892
41897
14719
41088
6153
28843
36145
57558
3859
112230
43078
126798
103985
100499
22844
65728
42698
128683
34277
98394
82746
25825
65737
89519
66193
52927
29086
62610
95382
78573
25285
58256
46072
52128
75500
8748
66429
10890
108389
95090
125028
8633
30469
100182
120614
61544
13697
59362
26332
1655
23014
75512
77124
25276
68346
86189
39223
18149
81787
48439
7288
123564
37660
60657
8095
23295
56679
58697
104267
35861
6587
19806
49963
3699
17028
42125
9303
66289
72143
77117
108604
44387
114946
75470
55610
80499
131498
19822
24954
112446
117953
61932
83941
87751
110118
37753
77559
15595
22298
11640
34398
113804
121154
116381
36502
32793
124483
109059
63772
55253
104510
41676
40286
1514
84214
126998
70356
110661
89475
69562
95381
41934
32380
12281
121425
73428
42176
132538
47362
44293
39415
113042
24005
34011
112997
52783
26394
70945
27796
8145
76281
47350
98354
110684
58792
67433
78496
31751
130579
41921
122515
117383
18595
21837
40311
71012
41528
78157
5895
114893
35974
105
115214
93729
48070
70877
92867
14768
43358
88593
110151
18585
77906
26204
90245
130526
58951
132248
2079
75295
125604
89181
106662
10983
96860
55226
111051
58339
110930
97141
2905
44884
70471
42080
2447
1915
101340
74151
107163
93601
61216
61155
15429
1768
93227
63077
128593
98042
96679
121950
93669
80665
132656
3038
128515
110803
128383
114087
73186
20230
45827
20733
117210
71748
115498
29877
47212
49699
16460
18622
101555
18244
40752
126236
22218
120060
26050
40121
43009
116000
7688
53260
18363
128678
6864
113100
89195
55152
94901
30052
61868
111518
39751
56053
77437
83311
122511
52113
49685
51009
131349
72023
100228
45355
9109
22944
21750
68485
130043
121528
85108
126506
3447
60303
26890
6521
1117
96395
56848
27682
57608
120942
119175
15306
12718
97912
100997
111742
113871
5260
69832
99785
103094
37728
32014
23697
30248
83871
76296
127425
94972
83731
86974
60043
52030
23867
13517
84728
53954
111594
132839
26197
69657
29399
3060
75786
14478
62322
28474
75959
49809
105441
57917
41747
16300
71806
61078
128024
93666
130084
93203
19774
37066
33241
1890
119524
22122
100280
50560
49035
93764
108793
46160
64499
34111
47102
130751
74169
100333
131316
17819
21295
64628
100830
123688
25195
116215
85699
14179
113630
71111
117695
48064
78451
29098
44798
19023
80599
33955
58684
47104
92678
51196
99246
107465
24936
12334
16320
102363
127285
102221
20408
89399
119041
120796
40990
80267
59424
47285
112320
65847
35534
96541
86152
57762
65844
38096
126930
105052
125835
57592
79698
6665
24420
95254
105354
125814
42554
54274
130149
62827
27482
32623
52251
11196
106483
103923
119471
56220
28606
73532
129695
118488
47078
72703
38076
82779
23864
99061
84949
90534
4149
56991
41052
54189
45723
55151
27350
82030
17040
16605
69618
38696
761
25397
75868
21437
114439
22038
47979
129611
50177
6329
79437
52677
43989
50481
21302
87693
121879
75881
121801
717
112031
106387
102668
69745
56033
109802
109093
83704
43407
99262
41405
108090
124144
36809
4509
110598
81750
129376
100528
110826
90521
34314
63241
52856
13496
106380
105132
109203
110765
7783
23518
26721
93070
95317
56133
32613
103139
124814
115075
94777
36691
20164
96566
82501
3981
49401
69388
39538
122088
122136
56130
18985
19490
82274
126701
1850
113960
66384
82959
108965
106795
14305
77830
119193
24335
90639
97224
68286
97209
7434
114244
53090
83790
123008
60996
131835
26076
111785
84701
124964
26172
56806
131843
78322
87230
114891
107265
34522
14097
7636
81867
8427
127620
3241
21544
69492
44341
130238
71978
100159
71312
42346
10214
24165
43516
29432
4263
102680
32131
38545
496
37015
35646
17689
131851
55419
112016
29570
11454
124406
34024
117971
101816
42946
39336
49923
127973
78158
79568
28142
79848
95608
93047
115845
16642
67133
88007
25560
83133
16486
131711
48497
7038
129247
104136
74684
43832
7625
26670
46130
20378
13193
59381
105980
50007
110401
4488
101541
43809
63310
63792
53375
118385
65996
79714
38847
37717
48217
120475
77192
97651
82849
26511
7189
108369
55445
88885
96065
95776
96058
129819
30260
83539
8538
78441
113767
88897
5085
126417
59383
14993
7430
106734
103009
121923
89590
37697
119124
97422
47495
36002
112301
55294
110108
109090
75698
44992
33542
41671
105640
66532
81986
61656
100320
28574
119926
8751
33846
99506
91274
17181
118356
95206
27535
16048
9379
19412
36409
120135
73567
22809
88879
71557
37057
92253
79330
30301
130212
12111
38614
125554
125232
12245
43800
106176
107824
131760
71297
92386
75478
56207
3345
52902
44857
112413
30603
52117
132700
59547
49117
60670
87657
60220
23911
77085
71394
13206
132229
86683
109977
52273
35455
93881
13666
115660
90885
55376
69250
68658
53266
109824
16304
17606
2469
6565
50804
18502
123496
89147
38383
100030
74039
56571
35377
17251
121928
81675
63880
3748
75762
70442
3360
38282
33054
122244
4569
39578
25938
5320
84263
17795
66483
112792
85121
58222
20924
14728
68484
17097
70702
65958
38633
55607
110224
96726
129373
54215
14523
36926
62351
108399
104696
92791
41394
6755
33750
32310
74013
78696
37404
27586
122390
113523
131140
93146
3064
120565
100132
88883
79373
121699
20724
69157
95187
107401
71752
80297
103427
61883
131391
64875
113512
113808
5758
44147
25391
105856
121314
10138
97027
47838
24432
24483
105421
66952
24625
83826
127364
696
118767
67147
72207
54731
84095
48733
30570
10916
7720
101062
37564
49128
96044
96223
92628
114049
5619
127886
6552
35688
50219
129267
53743
73885
20648
17497
61306
118520
23877
41024
44012
95823
16297
111714
55778
7588
122582
114553
94720
105108
58213
119481
111209
71681
118504
130974
47247
116805
86170
123198
88888
87141
62102
89765
87596
100329
112703
80224
85584
27413
6723
105041
65320
98065
41094
115890
47758
79542
113800
95862
127949
30870
6639
111520
102202
53393
70687
56175
41578
23230
119065
70941
29056
54184
106179
97156
8850
24000
33101
91767
103015
48374
6850
83199
19630
125370
7025
83951
93086
40028
75180
116614
21393
117765
124672
108135
126833
1700
10651
35714
2804
94811
45038
25620
3314
38462
60270
119187
43560
84580
38983
108139
45955
92254
86504
23033
62810
126144
9965
6508
128923
77919
14881
62270
18399
13775
62151
39348
70753
9640
64690
30111
9029
10039
117956
30664
1230
56807
115207
124583
18187
46819
2187
40504
204
62208
78717
83602
30414
95412
101285
59889
67854
56823
110424
53020
1748
86815
127261
11961
4617
57498
32632
11426
24219
14579
122370
16685
46649
23071
102883
93165
121272
24975
10731
98976
34155
95047
68883
11213
129178
4049
127375
27565
6439
66259
124780
93177
63056
36639
55287
106069
125023
55853
86639
71305
3762
131332
106525
85249
96386
118649
21084
48689
62618
10301
31782
119314
119409
14000
15650
27140
126575
110317
132836
38489
556
45697
27795
45366
28390
32639
84093
30165
75457
55321
29892
56418
65453
26976
44930
57204
22265
55823
89762
108092
82801
97068
34634
22807
81962
81749
31221
66318
129825
82023
21456
129403
99637
80978
125897
10104
62955
130882
102332
69810
95613
68225
51627
91217
35689
39778
62682
95915
5451
65043
112327
48747
59972
109665
131629
62084
49931
37343
100263
128495
109405
127391
85464
125637
72664
120937
9465
20971
62529
78186
72366
87207
1355
112753
13976
37503
130789
80659
39659
27821
7485
118897
54333
68197
101994
34895
7799
109162
18259
120604
28478
11491
11376
32751
71202
54805
30179
111050
22551
115495
72669
23808
88177
121354
68919
98506
58771
53103
76023
109826
94232
8821
38302
59264
51123
11696
30847
79255
63577
120839
122079
110789
65915
97440
15079
6314
40025
130023
103215
57759
115956
53648
8189
100934
10159
10990
8700
98592
15466
61594
123276
113883
15606
75468
113268
46108
5295
113094
12218
99015
20321
98114
87950
62706
35171
86558
90816
34926
54097
13942
9910
90032
46585
1686
103212
61593
117525
117486
64680
22401
124373
63482
15234
26380
88727
104308
2458
28168
100710
67775
53392
76562
97438
88150
74499
82215
119230
97017
3130
27673
108261
11449
131815
70698
86794
114676
120620
102559
129961
81378
103199
129281
131133
132271
107445
104343
40021
31353
128584
55812
122307
63595
52907
73774
56516
126224
1942
59615
47641
51932
73624
29238
30302
110272
61420
73556
110685
59210
73143
15398
68323
33833
42438
113727
124054
123721
22849
69230
53120
20085
51781
53908
51991
57271
23268
94484
130730
118281
43191
129279
122189
47415
14107
19527
30339
50413
34646
274
73423
92910
34095
23285
40040
107571
10037
4536
104090
37312
99491
47279
131051
113583
27510
112727
120496
61921
104912
101251
18251
55329
56177
46208
77957
18956
77296
7058
25720
75051
123670
116951
38529
61871
27224
81328
51681
34799
25891
121090
96958
62116
23401
125227
123359
119286
80868
55690
97871
73665
46973
10492
125284
3399
62080
15452
18928
77814
114905
12705
22225
56762
32666
91605
17001
6319
26154
26936
103084
129740
50787
95674
118820
66096
69293
21096
94314
64397
88771
57964
41440
96290
124960
21720
53953
79468
8370
114472
89734
122269
11817
117668
87854
73005
125063
16308
22518
50417
26358
111462
53553
60701
131762
36131
52684
117654
123435
11519
103202
102196
114840
53852
66828
48820
26786
2055
72120
113495
9444
15710
68045
65901
14241
69908
49823
119523
69384
127287
73500
8690
119628
90865
35715
62453
12219
107063
39793
129339
32984
40637
26897
58532
8575
124769
30721
43328
28036
6867
85022
58839
79920
86118
85471
127581
10136
104838
4939
33239
4847
122748
18869
1839
68555
62628
124931
106391
132723
47091
31262
14479
79396
54220
99999
87487
12687
59918
10295
93488
70286
30033
103783
124635
45315
77130
41873
97353
19563
51333
53391
121978
44770
61601
43144
38363
109332
82286
103638
60120
57522
131298
65047
32602
72547
24071
85242
123716
43749
99193
113159
24732
6774
63383
119190
79523
36918
26671
52819
119768
47473
121588
103077
117898
75551
70605
122965
64504
112192
43040
29461
71825
109254
26595
28395
88915
68861
40125
129757
43365
21063
132614
77495
40673
86296
7468
78103
73900
79602
130485
92437
125620
5034
101424
53639
28449
25874
13173
31273
25321
105372
65350
65491
23688
93740
130778
104236
62269
58657
70816
86766
38873
30241
29298
100616
74665
102988
59331
5365
131530
80698
125421
23012
21643
39462
82991
13878
47164
57055
119457
102942
114089
743
112665
66569
6623
78152
72516
108102
25350
64798
92330
78363
16341
132860
117451
103550
126725
80719
1654
70225
121231
130364
130310
57173
114304
75024
69933
46321
29171
25218
31072
131091
41549
112807
60090
9713
59938
97650
85212
4463
91447
92010
15552
110442
49627
49534
52540
71734
32687
69357
102389
10051
18394
8626
107554
76444
114582
26142
86410
117499
104478
114459
65870
87087
66560
36590
113364
6600
62216
121937
92282
33434
44515
8384
46257
88867
30398
107905
52123
23176
95783
111753
2539
118345
42391
49124
28654
47532
10537
130598
116440
48363
91970
20533
68142
35807
18811
96388
89096
49933
31621
61792
81948
102355
106441
108239
105201
62272
40917
6124
130081
93936
104347
85642
29506
29068
23569
66498
7256
128555
13004
64301
51093
120117
93411
81373
23082
131150
112080
59878
82330
118533
103377
95779
32598
30092
2197
126905
92423
123829
30587
109549
128359
43247
103260
56368
118237
108744
87261
8992
93536
52149
103590
35450
97567
129050
4605
93064
131404
111684
103070
50307
71878
27445
107713
12376
11956
26961
44833
27146
114733
78545
43138
33112
34871
17276
11252
58399
10988
29245
5669
86034
32859
53319
52939
13663
115634
51184
84534
33469
129760
42199
43784
125792
62168
93756
25935
781
4607
113657
20105
24052
53407
115199
120978
108296
130377
97419
130603
37197
106059
37234
130414
72868
15013
111553
72026
120430
46857
16797
40658
8197
13488
21329
109569
61178
110591
61150
114830
63989
61395
335
14429
4770
132001
83317
103615
80671
43037
60735
17521
127735
3173
35713
96288
20389
11521
100264
102881
15911
23299
109515
62708
88597
130444
67732
84604
83811
45695
98313
45147
77434
81612
105950
51283
120630
33811
14074
43969
58833
39388
74636
31243
98971
42236
88660
95003
129089
39256
51277
28999
12556
10645
17406
84423
123762
1425
90420
84025
123606
101594
56057
98627
77401
69720
59024
6579
73812
92601
57230
81802
57272
95947
58868
13521
56041
34564
35026
73442
7603
130106
98759
18243
87376
36712
81562
124025
126739
4591
57579
60608
105480
65407
17215
46010
19627
69523
123306
98774
76214
1506
112138
79990
63618
22183
45788
126210
100389
3430
22048
33898
15833
70808
100946
108415
91867
93514
17116
22703
114052
129884
12200
86108
28106
97263
32649
25847
86198
13856
27062
123636
80421
93251
52885
73863
132763
99267
37398
29587
18631
40143
130145
89492
117314
43707
115756
7029
125083
116658
26547
105205
124725
104403
131035
100261
14348
83200
66175
75545
20853
57099
51256
132161
22571
66164
34332
88693
89290
62798
52131
103546
53248
38035
121190
69099
92614
10909
69510
19929
126936
77469
20859
47482
37060
115159
45620
127840
93179
95612
80715
75229
120339
79836
35676
8846
67512
29705
2418
78212
81275
90031
60342
9802
102739
85998
69632
114101
42106
68711
114458
52103
26371
101868
51265
46651
105281
58348
81524
4387
47506
97925
83844
129984
22725
103532
115383
62426
91230
106663
72389
29023
9083
84034
9455
120553
4367
97086
131255
73594
49559
14114
96122
85557
91615
90870
60697
77175
106382
59469
61024
89631
100324
81939
42639
25152
40859
6094
115156
24006
10523
107615
69593
17169
101461
52650
71584
46221
100510
74838
10885
15811
72066
39548
131819
104868
114493
18823
54962
109550
25104
78506
105335
79641
45410
26020
20528
103423
129793
51471
98129
30974
107341
29935
114556
48653
126132
75101
8608
75440
109036
1470
117466
95014
38318
123088
114483
17149
23231
119513
108396
30920
452
95034
39147
124384
83758
26246
102198
128569
84255
59233
69942
21404
119132
70794
104440
67784
125367
41822
87094
56442
79667
47491
123969
89889
117432
85721
4998
86040
111616
68260
16849
44619
68453
28992
43319
120067
39102
100422
132875
9371
56045
30740
109577
14580
53473
58191
51695
30769
60329
102399
91057
130702
2789
128275
95929
73577
70199
118212
132771
26828
79290
5381
106703
118255
62129
1494
8951
122281
84906
65365
92459
77533
4273
126250
32640
12927
105140
131295
79651
77254
22067
47106
27768
69707
16036
32738
87902
115572
57986
115718
27091
111136
127278
120008
88595
18253
65894
61250
59769
99828
86489
87007
87490
41084
40467
52306
23027
55370
63410
67941
997
54618
77224
124759
26596
119747
29749
115688
10724
59908
3838
45738
23331
13853
97956
91312
42326
2753
28672
66130
48700
8429
73559
86072
32275
21661
17428
45160
1923
130660
101346
31933
13431
46248
23924
73909
107048
87017
46093
90551
128946
38064
96410
25523
116627
19363
118995
64103
44266
75452
62685
102008
3708
27011
30423
116914
115906
42466
45098
86811
29701
67206
25476
4809
80031
129117
3153
125640
36804
62590
116015
120162
33314
56608
132674
126484
18080
26842
105442
22373
79230
90328
112512
124079
41968
72349
115723
121649
104029
116176
102242
92917
79374
48539
116506
51842
21949
118355
69714
50192
37881
108218
115911
13358
93529
121832
20932
88891
83042
14321
27295
57614
12129
12480
24596
37495
54351
28150
80729
3179
101712
122388
64889
114419
115579
105364
121540
72072
86665
97939
49800
61627
63180
126729
13597
129871
64600
36897
104140
106203
43050
6491
11131
92231
90949
3988
73520
96159
14252
108702
101956
17886
3379
127221
63225
49456
77590
62399
9597
683
123025
47040
67363
34489
95108
58943
53820
21137
4076
8600
6838
79131
58574
89428
87407
93046
678
25769
59554
3265
78857
14667
126951
5533
121898
117353
10830
33234
106345
104507
75466
55319
8641
125871
61701
115849
105542
38168
22083
33757
118699
88022
74764
50425
95155
104728
117028
64488
1580
20537
1710
110996
44391
82556
104689
4325
71648
58879
20969
63678
84250
85895
65714
74867
77350
124177
106035
74009
28031
123449
125160
12038
128612
84870
62370
104982
62447
119153
129711
11660
105415
77960
40613
11175
41895
78485
73990
111715
36966
21671
43331
62867
128310
67107
94209
88121
24445
75060
36693
104872
50147
52020
37440
94564
113046
65612
89539
8874
112502
130234
116987
85597
15259
42723
86363
81429
12057
77020
132747
127690
27072
15491
130532
81896
5757
48852
19906
79094
6503
117121
9958
71712
110891
25284
77824
17812
46871
11355
52220
77603
105053
82606
60583
107569
11172
60877
82481
22870
74016
121267
75216
111377
65594
84732
54775
50517
102014
64657
45182
66916
49019
59085
69689
87645
123379
129635
45638
45743
51578
49046
125716
65282
95901
117592
42654
33378
102277
54095
50324
51218
104400
102691
39631
3274
68538
59946
70353
99132
131875
28828
1215
2471
40843
101118
44699
81631
68037
8877
28383
101611
77876
45975
81476
18966
111320
121894
12710
58386
100890
131143
16223
99
132571
127334
114226
38092
113335
32355
17981
114054
99183
54982
2480
34315
21066
120133
72334
73905
8837
43015
119659
50561
110139
130110
94795
594
66922
6793
26383
43496
2855
101009
120380
70476
114464
49911
36027
34115
39229
111621
26233
107090
79541
17053
37105
20861
20597
72925
3571
130013
131146
25600
96084
8394
112389
49995
121503
72087
114187
808
67355
50599
8750
7128
65547
15194
38958
91760
60231
43031
112696
25165
59497
88719
89729
31051
107402
48853
56532
130472
54524
107517
5705
59742
27284
62823
42354
38799
73832
6099
8805
21699
1317
125328
32538
128703
132666
2347
21205
6455
70122
9494
105098
58676
110380
63812
84523
17527
78557
125939
26495
13441
52849
55004
54551
89557
55219
23110
5507
25624
30112
11533
4581
1439
103668
127332
25683
29209
38533
13581
5100
110262
117195
40475
14866
59715
25400
103405
93626
90765
52039
70183
111504
100296
7458
28692
116819
83226
121636
102462
118707
61737
4748
61205
105547
91868
62274
16859
101856
112437
116447
2050
46932
20133
80794
72228
42278
69816
96794
89238
128202
18761
67263
14468
64275
92598
105583
5435
42901
117679
40551
53766
23943
12016
130283
3175
18182
1625
26453
1498
67119
93273
32204
21002
12722
54787
3341
79695
63016
36808
98177
41050
19876
67768
99562
66494
111951
130321
75815
23813
14440
127305
43127
20999
96896
109322
66542
7201
5682
35728
10108
42938
77155
11559
125920
55799
54655
47978
42689
87771
73787
126040
45289
118796
123076
47082
17217
60379
9370
57796
109371
127183
124231
43066
17980
107773
26755
102424
74327
47422
10704
70897
27472
58241
26437
4815
78030
76159
17442
121412
3138
53818
99522
26995
113504
71511
53030
42844
64629
51034
11608
88683
110659
14515
78584
47761
28328
6485
124055
126903
59518
75173
47146
65630
23576
22032
34042
58498
105320
28060
43233
75045
9652
94719
7012
130224
64972
1226
127926
130544
2884
115563
25468
105823
73226
101213
14587
46096
111180
21
111127
8112
40093
35039
119298
80185
41448
127081
54304
78869
1701
71219
76171
25566
124747
116058
92398
91899
96652
57696
44712
75331
39372
88061
13510
26700
103365
77769
107575
123319
60754
126392
99943
118462
117690
86125
7498
71960
4596
100659
99990
110165
95367
23022
108163
5319
10411
109879
78060
45949
32952
69563
47941
89051
56990
86612
57209
52412
63048
13107
54096
128568
103108
78570
113350
125272
48831
93338
129691
119552
66333
80951
101563
54620
127622
33824
19514
19506
92999
44128
10070
105156
17404
100362
795
27600
77125
61963
63676
20110
46479
3538
12510
34821
93461
100627
48961
101179
5523
73503
38399
63566
116415
131937
41162
3418
21821
59930
23133
74073
54040
125675
50213
110231
77063
129310
49342
49020
10989
72849
66782
56742
94489
77362
43125
91525
17234
31925
70727
8554
24963
72384
37123
14296
89725
81606
42849
86464
95519
78948
70510
46560
102096
31767
125643
38186
61353
90326
35712
65509
43491
76524
53005
56178
4369
125725
122333
53614
54659
103970
67614
24672
90393
12266
14283
131089
78349
90829
4364
130
115533
83853
61804
115980
96412
63580
83606
37310
74786
23753
105073
125241
85706
43292
64532
114035
71425
29276
6396
48158
61458
128316
13497
10480
19547
120782
33552
129632
8934
71260
87048
49350
39066
29714
4184
120611
29896
15374
45846
30275
109178
115150
14737
94797
37946
20430
82719
92250
42435
16058
114206
38680
26259
90451
53001
35494
30274
33387
88047
36107
92041
116
54596
118453
66507
43414
21735
17719
45084
65984
103583
108062
19722
107252
106789
101374
128223
100498
89637
129381
14959
23612
3012
86469
125626
56374
1954
42690
109963
67401
77715
105641
47499
47043
123924
77064
72009
118060
126904
64167
44023
63860
54735
46796
131849
4515
130949
88255
113772
75376
51220
5158
22361
27916
124974
58819
7110
65283
15898
91385
100802
5512
22331
70282
27737
127599
107472
61700
116543
58268
103694
37332
15518
116608
61421
73300
11797
73726
48038
115303
39656
17267
24854
24577
5816
1243
34853
8353
41987
96772
41845
65410
33081
65571
115679
98469
23866
104326
44151
111588
111372
11546
21954
85980
34862
127271
36489
94441
54002
50810
113694
93058
17637
62780
111937
33351
15029
77706
81
120462
52988
108874
79691
13542
132441
47113
61043
51744
95715
6262
48715
28536
50511
117333
4682
71653
103469
129028
71662
102689
37185
31517
87737
124272
55786
120085
38074
8938
14215
57791
81796
80612
57187
73719
12410
72826
11775
30525
52160
79278
93629
131755
127847
62398
126588
17939
124320
6930
42096
9408
40894
100318
11841
40236
17480
20841
9146
109904
11493
16645
40071
85912
65873
60901
115149
44165
126106
43
71754
5167
14175
3878
32213
95837
4376
100506
73695
55467
77836
34607
131208
112273
97826
104279
44466
39164
109157
92655
73247
95375
93115
47571
107728
63884
89378
119488
68120
8623
32463
99892
127530
59199
109138
125144
23197
12502
81137
16302
130473
32295
81965
23479
122699
72508
32656
63351
119094
22528
79221
13744
39099
110275
64150
65317
33788
11642
96747
116706
7546
35550
117578
80265
850
16540
105527
47376
22606
54045
123093
41151
34421
95717
86388
122513
128113
36533
9924
69737
38911
78077
24193
1048
58056
74574
101976
60071
47263
27511
96345
113055
105617
72880
130637
48672
80683
78341
41495
31335
49230
831
20659
73097
16791
88870
108169
33775
23001
109536
124321
23113
79797
16457
64982
17880
49695
74280
62358
32621
53091
74579
55296
37082
109613
50494
98999
119623
7093
66360
30514
49708
9003
112181
39924
123028
17789
112583
79362
75572
103116
90364
54164
126054
132427
132176
64757
66486
31438
67123
69705
17589
100608
88924
14876
111815
104000
19465
120956
28337
18624
44350
47225
82701
86578
85670
51113
46128
23135
56851
124503
99177
69487
4462
117559
129197
20827
5151
68317
64750
28812
47968
74357
36599
17272
27081
129420
39238
84341
73906
10404
23291
122849
102446
17538
88137
104425
58497
126018
113098
40075
109129
8125
45916
26570
16207
46717
119712
29125
62473
99705
106697
83304
21175
111567
2790
14144
36568
100241
125728
202
34960
131350
47274
65059
39359
26589
87279
92952
57351
53926
32869
14227
48302
123233
29271
30075
63769
97411
112060
123932
78801
114517
106491
109703
49652
2262
115290
21432
97111
77001
38527
108312
3044
51919
36035
93832
87545
116984
576
28565
24945
127360
108242
9726
98287
108800
86732
126371
1888
127402
122724
14390
42253
115126
109494
103356
114789
4708
19222
48546
38775
62736
24238
85800
49356
102304
24670
19922
55349
76705
81432
91682
75577
70990
122174
108267
99340
79922
73629
64008
100750
10631
31544
81440
46646
86960
36310
47447
13388
64820
124020
91004
94712
81295
70610
42129
52546
10428
24855
51880
100928
80033
92048
32040
922
94045
85442
76700
120293
99900
69684
42364
120068
90027
114574
37002
34203
72479
94975
85062
115083
104109
126756
30966
123155
5975
46144
85772
59546
3136
78729
22634
74503
50485
92344
42682
94428
64899
28541
50161
52081
78917
111860
74388
75690
119305
61734
128621
69592
77671
22318
10192
6338
98956
876
36774
106753
40135
20035
78845
37274
50018
7261
84339
110497
119885
57538
110799
71520
72502
23801
22103
39581
108068
129504
37040
100276
75495
112448
17717
35324
69946
58103
36217
70359
34261
22574
87041
9280
75355
69910
45670
110398
98655
15939
12848
31711
9134
34935
78646
21877
112493
79766
31215
116141
75662
54859
113742
132889
63175
94358
93702
113628
70326
107289
19433
3055
18403
103204
128550
40163
130249
86057
78677
50824
119297
93595
66694
39534
20981
25946
50388
89431
56366
112159
92516
23731
67919
13783
85336
22860
103686
12822
47759
4971
95171
105005
68405
118738
67617
86216
27133
80373
23961
48788
105283
80042
103442
128582
83707
54043
132540
108370
124566
125872
51637
54057
8758
88832
49042
29590
2954
105460
37615
126248
58366
32892
24227
63053
33368
115982
60549
9872
80161
33026
121535
85412
82176
94694
77640
68172
109380
109169
102893
5878
8921
78567
25622
82740
3970
110438
64569
16040
81253
21013
16458
53517
85861
43973
91680
65828
77557
96461
23561
120219
132895
99962
70796
67000
116378
14922
16956
1410
38832
17454
84318
115065
62510
33198
718
54395
112317
40272
406
87403
122997
11742
64232
73934
33920
11799
109491
54895
61432
25974
81121
57318
4482
49347
94098
12612
88104
27881
91088
35695
57568
131959
14713
34789
67579
88802
45558
100128
78369
123764
73329
109436
114119
39889
30270
129421
7154
22325
65323
62997
21528
33724
34322
110112
19022
67725
56907
61089
12076
52990
108613
9887
22394
79883
122955
109073
128558
73142
24564
119632
95827
101339
83490
405
94872
7949
98702
7685
85924
63181
40297
76440
93432
28796
44586
41022
45699
86557
89490
68771
5309
8082
52714
15322
6351
96062
112162
29924
84232
43837
106618
118495
50995
123001
66585
68723
83030
104915
33881
53817
121220
34776
12591
8132
28129
32138
110483
66021
85453
21440
26692
21092
95834
14072
64658
4257
117253
64385
50802
8092
77765
72035
54178
194
5059
3533
73374
14874
8133
131181
25049
12602
131825
88110
4739
84559
2642
105759
32136
90602
18601
81306
113514
19172
38701
54403
24136
91036
55772
51091
36995
5276
124547
73656
65802
50139
130782
120962
53252
131900
130325
73689
83964
132498
61598
39338
17657
45897
68960
40883
22683
110941
128824
107912
93410
3867
83544
72398
5359
3633
40707
110246
37980
31118
43515
75136
127152
54627
54771
130589
7668
14313
104826
128452
34470
81220
113384
89213
75148
66604
45356
123733
107607
3388
116826
93812
130898
43200
48563
105293
15600
126139
223
126628
54121
58610
128975
119809
70671
106532
86468
69886
1276
97205
33096
74444
8436
89239
60605
100672
108124
119122
50008
31553
78250
96341
58546
132504
10765
28971
1758
126385
13669
45321
47710
125805
93765
88998
118633
109706
101782
56242
116191
103960
107470
130618
37151
107878
87993
63683
36619
121552
57425
84141
63185
122836
85290
74694
85922
45067
82693
81586
27113
107438
13907
22474
45597
19205
21186
68864
74441
92739
21388
84126
109615
103500
35183
24087
103861
123366
68450
115657
63476
109959
75315
1660
106878
99845
105020
76058
26524
5120
55907
80690
120960
43161
119464
79499
129273
33460
73839
35499
294
1161
35242
70992
59975
102136
9314
113416
45716
72103
40631
66799
37971
6324
40472
43435
87691
120896
124030
132627
23658
121624
36889
123627
121593
12049
81836
44092
120391
121432
98612
319
122572
27229
60810
75464
29381
20411
15671
117636
21952
16020
116399
57407
8068
83985
118210
15362
50077
113137
116755
56645
4114
19288
83345
97032
107284
96391
88543
54547
124093
12887
77449
98791
2961
81777
14542
66463
99169
27082
104430
111902
38148
1347
111064
119906
57713
17115
1418
29724
96935
132234
119194
97507
49843
27110
53944
94667
49580
99765
36930
80273
31001
111736
98844
18619
66987
88306
26072
106106
31038
100725
130492
42095
70927
107061
84594
59592
64226
107754
18012
48963
50424
9118
114740
43456
67195
119639
91080
102953
87581
62575
5780
91468
71702
17204
65069
2883
74041
106947
97293
11656
61132
116467
59491
37172
99544
72391
5828
14499
7850
64731
34865
18988
74692
64810
98611
130057
4932
54534
38668
529
62722
33845
75447
46947
90087
17270
78455
100257
97410
62342
30438
96837
113299
87043
34241
91888
52226
114135
91860
115573
48479
57245
109474
76397
95036
79305
56399
37640
78686
114897
118273
31433
46562
101033
93365
70008
14306
33058
62526
76616
50898
29836
74902
90128
9182
47152
60351
39790
70919
6440
47203
119216
30682
96404
38823
46882
51636
86715
121054
8927
25100
29628
81060
82433
4200
103605
31640
80538
26034
94852
3761
115417
122704
11692
23852
117491
58923
30113
66919
69190
77641
85648
46881
37043
56584
3952
109901
25786
132231
22583
49159
7703
87774
84932
23140
8220
53869
87199
100405
115110
124817
79354
10279
1455
126339
11340
49415
46181
57697
5986
42681
70689
128079
75632
39101
20883
127696
12305
20344
37567
55138
66321
80261
120440
113617
112896
96565
85355
128939
111978
27238
33817
126814
93470
131719
61036
82698
81444
62204
71388
120528
108760
111425
54114
36147
19707
125777
13416
53775
17625
89608
55683
68643
1930
53154
4094
77846
117995
4454
111139
3986
15262
126333
79545
12069
6450
49228
26608
79521
19721
109098
55837
124639
106863
129940
59401
69303
129150
523
120489
58857
5856
64104
52519
116678
92878
82727
58395
31606
12336
82555
22986
34395
58826
8800
101480
84009
79314
23565
22862
100860
75336
23170
53152
102807
37417
114110
6294
44853
111253
65311
78058
127125
40056
36932
46795
97785
105214
4686
105147
24938
53967
115764
81670
10892
54363
96859
83106
34424
4922
113563
107755
59456
61522
1087
6811
51902
102792
34780
19122
120371
109642
79593
87753
28721
63054
99558
116687
90300
21261
5944
130840
107396
64621
37325
122818
122179
43926
80146
27454
16663
54385
5543
61754
69051
92688
84455
90581
40326
85662
71227
17359
38381
118498
50951
31550
51775
106134
117618
74307
21979
47540
91603
3116
47703
17430
41802
82048
59955
97895
4029
104120
54149
24983
88960
23558
82127
453
5303
106463
14415
18044
57648
68891
105231
28994
42810
18071
118432
44283
42785
117906
86785
91948
69103
24527
111766
91291
11241
123735
33327
67780
97915
89579
246
67077
118861
47271
56094
123692
77987
13553
103067
15793
35058
116637
128400
48315
60239
23166
45194
132061
130168
27432
105295
58581
57391
4638
117164
95498
75862
80761
100717
92675
83725
49852
105567
80004
23733
54412
58840
54839
6183
104876
64995
360
44223
55710
102438
129355
123385
50075
65924
76568
104211
10613
10038
117441
74536
30487
80613
93061
77992
83385
75161
26423
82161
22039
17110
21108
88953
84817
104474
26221
98858
105864
74601
95224
38886
81025
117101
20363
112900
32988
81099
16759
9708
29823
61786
84666
130032
100956
129567
27307
124288
97740
28739
76267
91745
102238
25132
128701
60272
102197
43098
4212
22706
120099
104411
120858
83160
61303
17304
72905
131464
5485
87742
14605
13462
21556
59508
89882
30271
47419
60926
9852
43337
51431
105484
25528
16359
124234
65602
76284
685
77985
96024
122355
70020
17603
126456
13481
111277
37512
5301
5627
52859
6989
126358
22329
39873
24671
94226
94458
55991
16960
131312
90388
61131
116925
57378
103435
16582
38351
31532
89507
73010
67269
94081
46282
128375
13404
58137
44944
71038
131507
126977
83205
117824
128396
118629
123230
82850
112278
44085
46979
10441
114414
2815
78238
49937
19776
4550
6404
17806
101823
23030
56350
14287
19120
97038
107032
65962
35891
44579
91321
68343
68600
129130
84462
9431
101518
57814
73513
80025
99484
57457
2693
9869
55129
102794
109170
111033
80154
48491
9208
2019
9122
89794
94110
25052
94578
92146
37855
14569
21377
53476
118497
120774
122482
124501
30701
130319
91085
27349
14964
30763
73449
12855
21020
66879
88478
20247
112087
109769
118276
27778
4486
45566
109641
84910
59293
14996
132105
46327
114589
51238
81914
44470
11875
92551
63710
75939
125602
44124
85673
20002
45756
81617
25105
49965
15655
62925
20231
52045
66438
120884
117338
28642
86707
47628
121386
120081
8710
53977
91182
120353
25778
77360
74490
76988
29031
61908
9007
45297
117630
114059
85656
8033
79275
52224
97663
8291
105850
48952
94065
47497
101129
88667
15890
63470
69697
54598
74293
119383
68597
106704
129585
81856
52756
64436
100993
90376
27189
65578
13213
118042
77153
74716
111103
86059
85494
98364
71746
18389
88208
57268
81021
102642
4574
35693
38647
110340
46270
98973
59055
122781
9612
78927
4519
56335
80576
107020
3396
113867
71233
85456
67289
122616
67230
105607
78648
10328
37651
91526
102063
95736
70756
64566
76283
73262
457
129256
68397
132770
111683
129019
46476
67170
101982
116645
28020
122368
122662
19348
45666
92589
93506
105911
76996
109278
74215
92164
115999
82344
31659
32120
32634
30709
103791
2916
111696
102042
67603
98828
104651
55708
123703
85515
37935
41817
117659
36455
15351
106601
57866
130413
31269
4930
71273
59716
6596
64952
120722
66047
7919
68393
100164
103209
92456
22370
85811
75265
124654
94731
44460
111543
87534
75671
60785
117970
120593
40537
120657
5546
112279
113282
96096
3606
124869
45715
72268
120535
50010
25469
13129
67937
41604
77947
73274
109301
11435
83959
123473
80346
48557
74408
24235
36778
100124
14607
46884
37700
126744
124843
33258
17177
54569
86983
75391
54058
128163
26290
19879
37739
55865
48822
60772
27981
25178
23449
63407
25011
100265
9410
26248
21763
118727
62973
122602
57022
117922
78148
111910
90071
122045
6572
50973
18549
29993
124708
125172
66654
46361
46368
23154
128943
29983
9454
74238
121317
76140
86389
47172
85263
83059
131249
78231
52890
55817
45610
2159
107317
68011
79924
35289
86770
7937
124637
89288
128379
80746
32545
37144
45870
130415
29208
48754
97638
43669
90049
41775
85986
110734
43513
71624
122660
89250
1272
7667
101007
111496
20720
125209
49777
85630
89329
74618
106459
85488
74028
120756
6804
75604
96064
44185
105740
29039
10666
53801
111808
30466
43370
1989
126015
33716
83558
77832
128789
59628
28499
16899
57082
58699
94311
103187
116716
75263
41520
80207
23538
12608
67959
130706
90541
24403
94041
103103
42082
66767
115135
52125
21270
37058
117638
34299
83956
55821
84330
772
102368
62078
4129
110324
44370
83139
120790
46060
24416
101766
13671
31055
34233
92578
57942
6119
2636
77366
4763
99266
98108
75722
110499
117013
39282
59201
132738
38011
30127
69461
118685
105398
69681
80594
116982
45956
108349
93785
78475
46677
52307
20437
64356
107550
51331
58798
48044
102545
20150
113594
51177
129642
131060
131252
20805
4805
99574
19330
47071
98559
54301
38176
35546
45466
51323
9117
57150
73063
70989
28077
60774
128649
56763
279
62441
55887
28575
100386
14261
31197
55214
41421
99700
88812
70345
125212
78592
29830
90666
39728
86350
132635
22593
1394
90442
117198
128534
125784
63757
116847
70591
2450
11720
72459
91574
77084
81141
15197
19662
4467
22168
127601
37838
65790
88408
129124
119975
65206
118940
22091
27131
70858
126773
51876
28420
61180
6651
70194
53674
108185
71218
33316
57823
25088
55732
110540
132362
15546
98727
104094
119418
64847
83663
83504
48288
80275
117939
111242
84756
16671
70134
22669
44984
113232
57897
64888
8264
30860
128698
29117
118759
9372
120702
28518
46404
47469
77061
132009
79719
72979
108579
111193
77623
9796
123100
18002
65982
25233
81833
54783
126657
25256
52578
115364
129626
80808
126968
109497
116878
132431
64122
82044
41672
15693
71531
91404
54852
63230
128414
7678
72463
70703
56621
97363
73544
4357
18093
53246
119920
38855
131990
45906
74119
67114
23680
36961
29191
94565
5984
26748
128267
115530
86740
54832
66069
20791
105323
14121
66084
113716
129335
88318
69233
59722
63416
80864
58282
123821
41039
71105
15962
64065
10073
34280
8380
52834
115444
126305
34301
110948
122776
56111
123561
26231
2270
113186
30364
43530
95653
120281
17669
106593
105370
32145
82078
44966
36030
129641
83660
68079
8459
31471
12290
22594
440
34712
19378
118984
39782
106885
40919
88496
75283
37290
66599
116889
7865
96431
82553
126439
62466
99361
24009
50558
31360
49656
80366
78390
130203
29494
76012
81332
111563
52579
91898
105683
11281
122172
22838
39821
66379
113382
107207
57725
25936
87312
127873
26605
102058
3837
49215
57553
1253
33245
38008
114616
66531
132351
55040
82209
78875
21289
105797
98728
100223
81033
128546
26317
76138
59825
38422
49579
19519
21234
97360
110875
10900
44700
94582
47823
60212
130684
59027
87602
10772
96051
120986
9474
69066
50675
90925
34879
3991
98152
88260
93260
53343
95854
88171
67808
73701
96850
90392
33193
124982
87092
88545
104984
3031
35480
106524
128466
30881
97006
118219
127441
60186
52329
129340
56629
80381
43217
82194
12143
29829
97178
101727
22814
111037
105656
67882
127028
28786
17956
8625
94875
46170
65718
40952
42827
120345
58746
103384
29411
6568
27440
60488
81870
124414
124868
21678
9354
42336
11997
68077
53028
13793
75308
5995
83463
97451
62964
52900
80264
85983
63631
5327
105133
36061
113759
92660
46043
110961
121008
132750
87841
32296
10697
25603
7431
31523
64767
6344
55249
203
14954
87211
43546
29551
55331
106560
126666
67698
38953
49892
36483
11740
18377
27842
53080
122400
70814
19632
20169
95184
91126
86774
12052
1118
49451
49648
50738
19011
123804
113797
51995
81788
78005
80498
13836
34917
42215
30202
71047
37579
97306
1167
93850
69084
53044
33229
41324
9323
6233
62922
37736
107608
40010
36021
37550
105115
35524
70415
114958
126378
112377
17850
113032
123442
66744
47391
35579
122175
109264
3709
125667
74467
99083
132818
109794
20396
16034
101916
78178
113752
129912
82046
36091
118411
115441
50632
78244
95545
59629
22135
3180
86724
63131
50031
2226
59873
73120
63547
57160
33376
43736
98710
58305
88795
106696
119242
68535
87415
104638
90712
80502
58715
100917
109812
77917
28704
8947
34941
27351
37342
125998
111284
68475
94509
34265
15295
73019
105549
105077
26714
48712
45886
11119
78301
40963
126985
38722
56369
72494
33744
108661
15388
19229
26610
108271
61351
63568
108539
123289
85863
93073
74723
63204
50514
68198
31235
44960
88515
101229
55265
106403
65925
2648
90098
14875
53288
70411
114920
21607
80835
51941
92299
58843
76026
99885
107698
45447
7551
39943
42677
10673
25659
14437
88066
79734
39384
8059
20175
127812
48205
67067
108510
47780
74385
23245
13774
56266
91732
66086
13619
47609
75566
124330
72218
59070
87314
24902
68785
57910
118254
70730
126738
17098
109863
7274
16969
65687
20019
88865
98443
38734
72588
40390
93722
5385
76156
129721
45174
74261
30355
34270
23162
73339
118069
16021
81982
116063
25086
131510
131780
93246
107536
73478
121309
10345
44727
89861
2467
91430
108308
15444
46347
51586
52582
50354
13240
112066
10294
75114
28563
8868
81825
421
72557
120350
94605
102645
72622
124423
117084
83262
105357
110878
74438
1384
110813
57300
57107
20297
5766
132855
103833
14367
96529
100817
88528
26702
94167
29365
83777
6487
121460
9890
103623
32955
87440
88303
47706
116144
43658
37142
83301
65382
36377
131430
22596
50059
127509
30007
89393
111416
6655
101580
13753
26026
62213
80523
126393
5562
36348
1025
108534
64227
92749
49825
30167
26381
96941
47533
95006
96923
37065
127071
130755
53167
115225
29560
117740
3118
21280
12092
60340
49165
44786
72457
51474
124298
90503
69105
10079
66974
20723
87599
106236
120699
70132
96151
123453
119198
99411
23762
109401
101049
91878
103437
29006
73483
66521
74741
131528
64262
15053
67527
55221
65197
4122
120822
118381
55564
27655
81037
93440
18887
130028
19917
117551
104762
329
109693
116177
1505
69273
93677
90692
118982
47000
98405
4549
14689
65105
131050
2389
93241
75418
72222
84531
103076
24623
128313
4994
90745
73635
90426
10243
78228
87876
2876
2889
127871
45266
56976
108729
73228
95492
104855
19959
4652
68435
74662
68025
84718
86486
31739
126652
84300
14513
67108
102761
32379
64497
110206
18826
70156
131559
95657
75637
111333
42389
56776
25435
100064
75891
84375
55432
11232
92541
13420
12634
129031
77477
48095
121584
34126
10420
2442
83338
59569
124940
114907
96918
17913
99617
51390
1564
46197
64333
103589
81688
64449
35621
101701
10572
121878
92557
47781
43259
126917
111261
131134
39145
83742
67523
75359
40784
105523
114222
94346
48256
12623
24365
75646
46226
8601
68857
114211
55197
116242
30502
64530
8603
114591
78328
120922
28571
132530
9104
12527
28304
28587
86169
64265
40560
130397
96765
116331
100412
18186
28951
132039
126483
125979
86976
34575
38254
85044
84042
36868
15087
94727
3815
58245
81251
67394
69736
86386
90323
61019
87573
16407
69724
19732
56830
97309
55527
64520
91027
90907
40757
43220
103510
64548
47276
75053
29127
70983
61269
40903
40072
92853
17753
122120
72751
96296
38252
124313
82117
39707
7707
132487
81913
109464
77620
69316
60319
129120
23198
65866
19079
3932
85319
112789
113629
57935
51459
58248
111243
101533
12474
32117
32701
32220
83910
62041
34174
21639
74590
83683
13980
10937
84868
123247
109817
23573
107882
109696
94051
66504
45818
33737
115535
70207
102650
37827
20385
15634
19737
88376
79800
4468
116602
6840
105331
129385
9342
85566
18530
47443
50752
26734
118784
6053
121579
53745
113144
129056
106723
51958
